1 0.30078125 0.88046875 0.1109375 0.2390625
1 0.2703125 0.665625 0.06875 0.121875
1 0.5890625 0.61328125 0.046875 0.0703125
1 0.36171875 0.6921875 0.059375 0.11640625
3 0.609375 0.46796875 0.04921875 0.1171875
1 0.390625 0.51015625 0.034375 0.05859375
1 0.5625 0.5078125 0.03203125 0.053125
1 0.57265625 0.425 0.02109375 0.0390625
1 0.70703125 0.971875 0.115625 0.05625
1 0.43515625 0.50625 0.0375 0.06484375
1 0.4625 0.4484375 0.01875 0.03828125
1 0.44140625 0.43203125 0.01796875 0.03125
1 0.55 0.44765625 0.02265625 0.03984375