1 0.309375 0.5375 0.0765625 0.1578125
1 0.49453125 0.515625 0.0625 0.14453125
1 0.4765625 0.38828125 0.04921875 0.10546875
1 0.45625 0.28046875 0.04765625 0.07578125
1 0.43203125 0.2203125 0.0375 0.0546875
1 0.23984375 0.1625 0.034375 0.04765625
1 0.409375 0.178125 0.03203125 0.0515625
1 0.33828125 0.1046875 0.02421875 0.03359375
1 0.32578125 0.06796875 0.021875 0.03046875
1 0.365625 0.0734375 0.0203125 0.03125
1 0.34765625 0.02578125 0.0203125 0.0234375
1 0.3953125 0.13359375 0.02734375 0.02578125
1 0.37734375 0.10546875 0.0171875 0.02109375
1 0.28984375 0.0484375 0.0234375 0.03125
1 0.5046875 0.92109375 0.11875 0.15703125
1 0.31171875 0.00625 0.015625 0.01171875
1 0.29375 0.01796875 0.0171875 0.0234375
3 0.1578125 0.91796875 0.20390625 0.16328125