1 0.24453125 0.37734375 0.07109375 0.1296875
1 0.33984375 0.33203125 0.04609375 0.09140625
1 0.8875 0.55625 0.1171875 0.15625
1 0.45625 0.2921875 0.0515625 0.08203125
1 0.27734375 0.26171875 0.0453125 0.07109375
1 0.484375 0.44453125 0.05703125 0.12109375
1 0.33984375 0.1453125 0.028125 0.046875
1 0.328125 0.07265625 0.021875 0.03203125
1 0.425 0.21171875 0.03984375 0.0625
1 0.396875 0.1328125 0.02890625 0.04296875
1 0.240625 0.1625 0.03515625 0.05
1 0.2875 0.18671875 0.03203125 0.05078125
1 0.36796875 0.06796875 0.01875 0.02265625
1 0.34765625 0.21171875 0.03359375 0.04609375
1 0.3484375 0.02421875 0.01796875 0.02109375
1 0.29609375 0.10859375 0.02421875 0.01875
1 0.49140625 0.69921875 0.09921875 0.2375
1 0.25625 0.7125 0.14140625 0.30703125
3 0.32109375 0.02421875 0.03203125 0.04765625