1 0.47734375 0.34140625 0.0453125 0.08828125
1 0.31796875 0.3875 0.05390625 0.1046875
1 0.26171875 0.31484375 0.0421875 0.08125
1 0.346875 0.16796875 0.03125 0.0484375
1 0.340625 0.23203125 0.03515625 0.06171875
1 0.23984375 0.16015625 0.034375 0.05234375
1 0.35234375 0.034375 0.0171875 0.02421875
1 0.3703125 0.08125 0.0234375 0.0328125
1 0.42578125 0.2015625 0.034375 0.05703125
1 0.33203125 0.10859375 0.02578125 0.03828125
1 0.29921875 0.05546875 0.01875 0.0265625
1 0.3203125 0.02421875 0.01640625 0.0203125
1 0.29296875 0.028125 0.01484375 0.025
1 0.51875 0.96953125 0.096875 0.06015625