1 0.32578125 0.50546875 0.0640625 0.14921875
1 0.4890625 0.45390625 0.0625 0.140625
1 0.3734375 0.08125 0.02421875 0.02578125
1 0.3515625 0.04296875 0.0171875 0.01796875
1 0.29140625 0.16484375 0.02890625 0.040625
1 0.290625 0.103125 0.0234375 0.04453125
1 0.24140625 0.16171875 0.0328125 0.04375
1 0.32734375 0.0671875 0.021875 0.021875
1 0.2328125 0.46015625 0.07578125 0.1421875
1 0.2328125 0.953125 0.10625 0.09375
1 0.346875 0.23828125 0.0453125 0.121875
1 0.27265625 0.29140625 0.05625 0.09765625
3 0.465625 0.29921875 0.071875 0.1515625
1 0.34296875 0.16328125 0.03203125 0.03203125
1 0.33828125 0.125 0.0234375 0.04375
1 0.3328125 0.09296875 0.0234375 0.02890625
1 0.29375 0.05703125 0.0171875 0.0296875
2 0.309375 0.05625 0.0125 0.03203125
1 0.32109375 0.0296875 0.02265625 0.02734375
1 0.2953125 0.02890625 0.01484375 0.0203125
1 0.34609375 0.0203125 0.01484375 0.01796875
1 0.3359375 0.00703125 0.01015625 0.01328125
1 0.48671875 0.6234375 0.0671875 0.19921875