0 0.2578125 0.30390625 0.09609375 0.20234375
1 0.37578125 0.0875 0.02109375 0.03828125
1 0.353125 0.0390625 0.0171875 0.01953125
1 0.3359375 0.13125 0.025 0.03515625
1 0.421875 0.19140625 0.03828125 0.06484375
1 0.23984375 0.16171875 0.0359375 0.05546875
1 0.3265625 0.0640625 0.01875 0.02578125
1 0.34296875 0.0171875 0.015625 0.01640625
1 0.29140625 0.10078125 0.01875 0.0296875
1 0.31953125 0.03671875 0.015625 0.01953125
1 0.49375 0.5765625 0.075 0.17421875
1 0.29140625 0.05859375 0.01796875 0.03671875
1 0.31640625 0.01015625 0.01484375 0.0203125
1 0.3265625 0.096875 0.02421875 0.03515625