3 0.1046875 0.6765625 0.209375 0.4859375
3 0.3640625 0.04375 0.0328125 0.06328125
1 0.29453125 0.065625 0.0234375 0.04765625
1 0.34296875 0.28828125 0.05625 0.17890625
1 0.48828125 0.4703125 0.071875 0.17265625
1 0.29453125 0.5125 0.07265625 0.16328125
1 0.90234375 0.5640625 0.09609375 0.18046875
1 0.28671875 0.24765625 0.0421875 0.08828125
1 0.23984375 0.15625 0.0390625 0.05859375
1 0.3359375 0.10859375 0.03828125 0.06328125
1 0.42734375 0.20390625 0.04375 0.08046875
1 0.3859375 0.10546875 0.0390625 0.05390625
1 0.32265625 0.05078125 0.0171875 0.03359375
1 0.31875 0.01640625 0.01875 0.03203125