1 0.4875 0.60234375 0.0765625 0.19296875
1 0.48671875 0.4265625 0.08125 0.16171875
3 0.44296875 0.22890625 0.084375 0.1375
1 0.25703125 0.72890625 0.134375 0.359375
1 0.06484375 0.846875 0.12890625 0.30546875
1 0.21015625 0.46328125 0.078125 0.17265625
1 0.28984375 0.26015625 0.05 0.096875
1 0.34609375 0.27578125 0.046875 0.08515625
1 0.3421875 0.16953125 0.03828125 0.09296875
1 0.2890625 0.175 0.03984375 0.05703125
1 0.2390625 0.1625 0.0421875 0.06640625
2 0.29609375 0.109375 0.0203125 0.03671875
1 0.33828125 0.1078125 0.02109375 0.03359375
1 0.33125 0.08046875 0.02421875 0.03359375
1 0.2921875 0.06875 0.02578125 0.03515625
1 0.32421875 0.05 0.01796875 0.0265625
1 0.290625 0.03203125 0.015625 0.03046875
1 0.321875 0.028125 0.01484375 0.01640625
1 0.34609375 0.01875 0.01484375 0.0203125
1 0.33671875 0.0046875 0.0125 0.009375
1 0.3171875 0.01171875 0.0140625 0.01484375
2 0.3078125 0.00859375 0.003125 0.0171875
1 0.29296875 0.01015625 0.0140625 0.01953125
1 0.3375 0.4265625 0.05625 0.13359375