1 0.22265625 0.81171875 0.12265625 0.2484375
1 0.209375 0.4953125 0.07890625 0.13515625
1 0.35390625 0.0359375 0.01796875 0.0234375
1 0.45703125 0.31484375 0.04296875 0.0875
0 0.2859375 0.128125 0.0421875 0.13359375
1 0.3765625 0.09375 0.02421875 0.0421875
1 0.2390625 0.1625 0.04140625 0.04921875
1 0.32421875 0.053125 0.021875 0.0234375
1 0.29375 0.0421875 0.0171875 0.0265625
1 0.31953125 0.01796875 0.01640625 0.0171875
1 0.340625 0.00703125 0.02109375 0.0140625
1 0.31015625 0.0046875 0.0125 0.009375