1 0.31015625 0.4578125 0.06015625 0.12109375
1 0.47734375 0.3625 0.05234375 0.09921875
1 0.42109375 0.20859375 0.0359375 0.06328125
1 0.34140625 0.2515625 0.0390625 0.08359375
1 0.2890625 0.21015625 0.0328125 0.06328125
1 0.45078125 0.27421875 0.0421875 0.071875
1 0.240625 0.16015625 0.034375 0.05546875
1 0.3203125 0.08046875 0.021875 0.0234375
1 0.40546875 0.1453125 0.0296875 0.0390625
1 0.346875 0.01875 0.01484375 0.01875
1 0.36015625 0.05546875 0.0203125 0.034375
1 0.296875 0.11015625 0.02578125 0.046875
1 0.28984375 0.0484375 0.02734375 0.03828125
1 0.31953125 0.0390625 0.01875 0.01875
1 0.37265625 0.0921875 0.02109375 0.04140625
1 0.3859375 0.1109375 0.021875 0.03671875
1 0.31875 0.015625 0.01484375 0.021875
2 0.30625 0.02890625 0.009375 0.03828125
1 0.509375 0.615625 0.0859375 0.19453125