1 0.296875 0.559375 0.08046875 0.1671875
1 0.3234375 0.38515625 0.05234375 0.1078125
1 0.4390625 0.23984375 0.046875 0.071875
1 0.2765625 0.28515625 0.04453125 0.07265625
1 0.34375 0.21953125 0.0359375 0.0546875
1 0.290625 0.20703125 0.03203125 0.053125
1 0.35859375 0.04453125 0.01796875 0.021875
1 0.37109375 0.084375 0.02265625 0.03125
1 0.32578125 0.053125 0.0171875 0.02265625
1 0.240625 0.16171875 0.034375 0.0484375
1 0.390625 0.13203125 0.03125 0.04375
1 0.3359375 0.1453125 0.028125 0.046875
1 0.3296875 0.09140625 0.0234375 0.03125
1 0.48359375 0.45390625 0.06875 0.1421875
1 0.29375 0.09921875 0.0296875 0.04453125
1 0.2953125 0.0671875 0.0171875 0.0296875
1 0.29375 0.04140625 0.01328125 0.03125
1 0.3203125 0.02734375 0.02109375 0.0234375
1 0.315625 0.00546875 0.01640625 0.0109375
1 0.33984375 0.00390625 0.015625 0.00703125