1 0.32109375 0.43515625 0.06015625 0.13515625
1 0.46796875 0.3546875 0.05 0.1
1 0.35234375 0.2640625 0.040625 0.0953125
1 0.25546875 0.340625 0.06015625 0.09140625
1 0.45078125 0.24140625 0.0421875 0.0828125
1 0.334375 0.11640625 0.0234375 0.03515625
1 0.240625 0.1625 0.034375 0.0484375
1 0.325 0.06796875 0.01875 0.02109375
1 0.4109375 0.16796875 0.0375 0.046875
1 0.29296875 0.0546875 0.02578125 0.04609375
1 0.3734375 0.096875 0.02578125 0.0328125
1 0.33984375 0.16875 0.0296875 0.05546875
1 0.36796875 0.0703125 0.0203125 0.01796875
1 0.41171875 0.17890625 0.03203125 0.0296875
1 0.3609375 0.04296875 0.0203125 0.03125
1 0.921875 0.47265625 0.0765625 0.16171875
1 0.321875 0.03984375 0.01875 0.028125
1 0.34296875 0.01484375 0.01640625 0.0203125
1 0.31953125 0.01484375 0.01875 0.0296875
1 0.296875 0.01484375 0.01875 0.0234375
1 0.4875 0.478125 0.0625 0.1484375
1 0.5 0.70078125 0.0921875 0.234375
1 0.1640625 0.5890625 0.11953125 0.18046875
1 0.39296875 0.12578125 0.03203125 0.05390625