1 0.415625 0.184375 0.0328125 0.05859375
1 0.3828125 0.10859375 0.021875 0.03671875
1 0.27734375 0.23359375 0.03515625 0.08046875
1 0.28671875 0.15546875 0.028125 0.05
1 0.3171875 0.02890625 0.01640625 0.034375
1 0.3421875 0.2078125 0.025 0.06484375
1 0.296875 0.10859375 0.02109375 0.03828125
1 0.240625 0.16015625 0.034375 0.05390625
1 0.334375 0.10390625 0.02421875 0.0296875
1 0.32734375 0.07265625 0.01796875 0.0296875
1 0.34375 0.02421875 0.01875 0.01875
1 0.35 0.2796875 0.0328125 0.07421875
1 0.1265625 0.68515625 0.1234375 0.234375
1 0.29765625 0.53984375 0.090625 0.275
2 0.228125 0.44453125 0.03984375 0.1015625
1 0.25859375 0.3421875 0.0578125 0.109375
1 0.340625 0.1453125 0.03046875 0.03984375
3 0.46875 0.321875 0.07109375 0.134375
0 0.859375 0.50703125 0.1671875 0.32421875
2 0.315625 0.20625 0.01640625 0.05078125
1 0.36796875 0.0765625 0.01875 0.03046875
1 0.35546875 0.0546875 0.0203125 0.0234375
1 0.4890625 0.621875 0.07421875 0.1953125
1 0.48828125 0.4546875 0.06875 0.1484375