1 0.48984375 0.47578125 0.05546875 0.1328125
1 0.28125 0.2625 0.04453125 0.09453125
1 0.47109375 0.34453125 0.04609375 0.0890625
1 0.33515625 0.18125 0.0328125 0.0578125
1 0.4390625 0.246875 0.04609375 0.06953125
1 0.4125 0.15625 0.03125 0.06171875
1 0.240625 0.16171875 0.03515625 0.05
1 0.33046875 0.0953125 0.021875 0.03046875
1 0.290625 0.13125 0.02421875 0.02890625
1 0.3546875 0.0375 0.0171875 0.0171875
1 0.3453125 0.01015625 0.01640625 0.01484375
1 0.37734375 0.09609375 0.02734375 0.03515625
1 0.28984375 0.08671875 0.0203125 0.03125
1 0.38828125 0.121875 0.02578125 0.03828125
1 0.221875 0.8578125 0.12265625 0.28359375
1 0.128125 0.65234375 0.11796875 0.21484375
1 0.32890625 0.05859375 0.0203125 0.03984375
2 0.31171875 0.1203125 0.0109375 0.05546875
1 0.3171875 0.02734375 0.01875 0.0296875
1 0.315625 0.0078125 0.0140625 0.015625
1 0.36484375 0.06953125 0.02421875 0.03671875