1 0.3640625 0.05625 0.0203125 0.02421875
1 0.48828125 0.45390625 0.0640625 0.14453125
1 0.2859375 0.25 0.03984375 0.07109375
1 0.29296875 0.07890625 0.0203125 0.040625
1 0.29453125 0.13984375 0.025 0.02265625
1 0.34609375 0.0296875 0.015625 0.015625
1 0.240625 0.16484375 0.03203125 0.03984375
1 0.346875 0.39765625 0.06796875 0.125
1 0.2609375 0.3734375 0.06171875 0.1015625
1 0.08828125 0.7609375 0.14140625 0.25
1 0.290625 0.73984375 0.1078125 0.2578125
3 0.4578125 0.27734375 0.07265625 0.15
2 0.29609375 0.17890625 0.0140625 0.05546875
1 0.3453125 0.20703125 0.04609375 0.10546875
1 0.3421875 0.14140625 0.0234375 0.025
1 0.33515625 0.11015625 0.021875 0.03359375
1 0.32734375 0.0609375 0.01875 0.01875
1 0.33046875 0.0828125 0.02109375 0.025
1 0.3234375 0.0421875 0.01875 0.021875
1 0.29375 0.040625 0.01875 0.02109375
2 0.30859375 0.0359375 0.00859375 0.02421875
1 0.31953125 0.01796875 0.015625 0.02421875
1 0.29453125 0.01796875 0.0140625 0.0203125
1 0.33984375 0.00703125 0.0140625 0.0140625
1 0.4859375 0.6296875 0.0734375 0.1953125
1 0.77578125 0.79375 0.12265625 0.31640625