1 0.475 0.3765625 0.05625 0.11328125
1 0.2515625 0.79296875 0.109375 0.26015625
1 0.059375 0.9046875 0.11875 0.18984375
1 0.33359375 0.3984375 0.053125 0.10703125
1 0.2625 0.3265625 0.0609375 0.09296875
1 0.18046875 0.56328125 0.09609375 0.1875
1 0.24140625 0.1609375 0.034375 0.0453125
1 0.42734375 0.23046875 0.03515625 0.06015625
1 0.35625 0.040625 0.0203125 0.0359375
1 0.32421875 0.0671875 0.02421875 0.03046875
3 0.4921875 0.69296875 0.1359375 0.41875
1 0.40859375 0.17109375 0.034375 0.04609375
0 0.34296875 0.16640625 0.0546875 0.1625
1 0.32109375 0.03359375 0.0203125 0.02265625
3 0.29375 0.0765625 0.02890625 0.0671875
1 0.3875 0.1375 0.02890625 0.0375
1 0.384375 0.10625 0.02578125 0.03203125
1 0.37265625 0.0734375 0.02109375 0.021875
1 0.371875 0.09765625 0.01640625 0.0296875
1 0.31484375 0.00859375 0.01484375 0.0171875
1 0.29296875 0.01171875 0.01640625 0.02265625