3 0.16640625 0.53359375 0.24140625 0.6296875
1 0.33203125 0.3875 0.06484375 0.1203125
1 0.4578125 0.28359375 0.0546875 0.0984375
1 0.3109375 0.2296875 0.04375 0.06171875
1 0.340625 0.1296875 0.0453125 0.08046875
1 0.38203125 0.09921875 0.03046875 0.04453125
1 0.2953125 0.11796875 0.03125 0.05390625
1 0.2390625 0.15859375 0.03359375 0.07734375
1 0.325 0.03984375 0.021875 0.04296875
1 0.36171875 0.04609375 0.02578125 0.04296875
1 0.2953125 0.021875 0.02109375 0.03671875
1 0.315625 0.0109375 0.01328125 0.01875
3 0.34609375 0.01171875 0.0234375 0.0234375