1 0.47734375 0.39375 0.05625 0.11328125
1 0.22578125 0.88125 0.1296875 0.23671875
1 0.04921875 0.92578125 0.09765625 0.1484375
1 0.3296875 0.43359375 0.06640625 0.11015625
1 0.25234375 0.3484375 0.0609375 0.09296875
1 0.1734375 0.58671875 0.1046875 0.2015625
1 0.24140625 0.1609375 0.034375 0.0453125
1 0.4296875 0.23984375 0.03515625 0.06015625
1 0.3578125 0.04296875 0.02265625 0.040625
1 0.325 0.07109375 0.02421875 0.03046875
3 0.49375 0.775 0.15234375 0.45
1 0.40859375 0.18046875 0.034375 0.04609375
0 0.3421875 0.17734375 0.0546875 0.1625
1 0.32109375 0.0359375 0.0203125 0.02265625
3 0.29296875 0.08203125 0.03125 0.0671875
1 0.38828125 0.14140625 0.02890625 0.0375
1 0.384375 0.10625 0.02578125 0.03203125
1 0.37265625 0.0734375 0.02109375 0.021875
1 0.371875 0.09765625 0.01640625 0.0296875
1 0.31484375 0.00859375 0.01484375 0.0171875
1 0.2921875 0.01640625 0.01640625 0.0328125