1 0.25390625 0.83515625 0.1140625 0.28984375
1 0.36484375 0.0765625 0.01953125 0.01953125
1 0.39140625 0.12109375 0.0296875 0.0390625
1 0.3484375 0.20703125 0.0328125 0.05390625
1 0.240625 0.16015625 0.034375 0.053125
1 0.2921875 0.1015625 0.02265625 0.034375
1 0.29765625 0.06171875 0.0203125 0.02578125
1 0.33046875 0.084375 0.0234375 0.0296875
1 0.34140625 0.1453125 0.02421875 0.0375
1 0.48984375 0.62890625 0.08046875 0.19609375
1 0.13203125 0.68359375 0.134375 0.2625
1 0.234375 0.4125 0.0640625 0.146875
1 0.3375 0.33671875 0.0546875 0.17890625
1 0.28359375 0.225 0.034375 0.06484375
2 0.2796875 0.29140625 0.02265625 0.07734375
2 0.3125 0.1109375 0.01328125 0.040625
1 0.28671875 0.15234375 0.03046875 0.059375
1 0.32578125 0.05078125 0.01484375 0.0234375
1 0.34453125 0.02421875 0.015625 0.01875
1 0.3546875 0.04296875 0.0171875 0.0234375
1 0.31484375 0.00703125 0.0140625 0.0140625
1 0.33515625 0.00546875 0.01171875 0.0109375
1 0.48671875 0.45859375 0.07265625 0.1625
3 0.46640625 0.31640625 0.08671875 0.13671875