1 0.4625 0.3203125 0.04609375 0.084375
1 0.49140625 0.4453125 0.0578125 0.12578125
1 0.8921875 0.53046875 0.109375 0.18671875
1 0.34453125 0.21640625 0.03125 0.0625
3 0.30625 0.4359375 0.1328125 0.36328125
1 0.23984375 0.1625 0.034375 0.0484375
1 0.4046875 0.15859375 0.02890625 0.05
1 0.44140625 0.2515625 0.04296875 0.0671875
1 0.3546875 0.05078125 0.01953125 0.028125
1 0.38203125 0.09296875 0.02421875 0.04453125
1 0.43125 0.2140625 0.04375 0.03984375
1 0.4984375 0.65 0.0875 0.225
1 0.325 0.0421875 0.0140625 0.0296875
1 0.3171875 0.0140625 0.01484375 0.028125
1 0.33828125 0.0109375 0.0125 0.02109375