1 0.28671875 0.5 0.07265625 0.1546875
1 0.15078125 0.91171875 0.1390625 0.17578125
1 0.33984375 0.25703125 0.040625 0.08515625
1 0.43828125 0.22890625 0.04765625 0.08203125
1 0.40078125 0.140625 0.0390625 0.06796875
1 0.34140625 0.15546875 0.03671875 0.06328125
1 0.29140625 0.16796875 0.0375 0.08359375
1 0.24140625 0.1578125 0.03203125 0.06328125
1 0.29453125 0.084375 0.02109375 0.03828125
1 0.3296875 0.0671875 0.0171875 0.02734375
1 0.3609375 0.04765625 0.0203125 0.03203125
1 0.32734375 0.040625 0.01796875 0.02421875
1 0.29296875 0.04921875 0.0171875 0.02890625
1 0.3203125 0.015625 0.01640625 0.02265625
1 0.3421875 0.00859375 0.0171875 0.0171875