1 0.32734375 0.50390625 0.0671875 0.13125
1 0.47109375 0.3421875 0.0484375 0.08671875
1 0.49921875 0.490625 0.05859375 0.15546875
1 0.278125 0.26171875 0.040625 0.08359375
1 0.44296875 0.24921875 0.040625 0.07265625
1 0.34609375 0.33515625 0.03984375 0.07890625
1 0.328125 0.0765625 0.0234375 0.03046875
1 0.3390625 0.1484375 0.0328125 0.06484375
1 0.40859375 0.17109375 0.0375 0.05703125
1 0.38984375 0.1203125 0.02890625 0.02578125
1 0.240625 0.1625 0.03359375 0.05
1 0.29140625 0.16328125 0.025 0.05546875
1 0.2921875 0.06953125 0.021875 0.0359375
1 0.365625 0.05703125 0.021875 0.02578125
1 0.2328125 0.88046875 0.13515625 0.2390625
1 0.37890625 0.090625 0.0234375 0.02890625
1 0.37109375 0.06953125 0.01875 0.025