1 0.515625 0.921875 0.11953125 0.15625
1 0.17265625 0.91015625 0.15625 0.17890625
1 0.0796875 0.68203125 0.08828125 0.265625
2 0.153125 0.7734375 0.0453125 0.07421875
1 0.28984375 0.571875 0.096875 0.2390625
1 0.33828125 0.35859375 0.07109375 0.134375
1 0.23671875 0.3671875 0.071875 0.1359375
1 0.2875 0.21875 0.04609375 0.05859375
1 0.35 0.2515625 0.04921875 0.07421875
3 0.43671875 0.22578125 0.07265625 0.125
1 0.47265625 0.3734375 0.071875 0.1453125
1 0.4875 0.54140625 0.071875 0.16328125
1 0.24140625 0.15625 0.034375 0.06640625
1 0.28828125 0.14609375 0.03359375 0.06015625
1 0.33671875 0.1484375 0.03984375 0.08984375
2 0.2953125 0.08046875 0.01640625 0.04609375
1 0.334375 0.0890625 0.02109375 0.02578125
1 0.32578125 0.06015625 0.02109375 0.0328125
1 0.29296875 0.046875 0.0171875 0.025
1 0.321875 0.0359375 0.0203125 0.02578125
1 0.290625 0.01640625 0.0171875 0.03046875
1 0.31875 0.01328125 0.015625 0.0171875
1 0.33984375 0.00625 0.0140625 0.0125