1 0.43671875 0.23984375 0.03828125 0.059375
1 0.41015625 0.178125 0.03203125 0.05
1 0.2046875 0.48125 0.0875 0.1671875
1 0.25859375 0.3234375 0.0484375 0.0875
1 0.29453125 0.12734375 0.021875 0.0671875
1 0.340625 0.334375 0.0421875 0.103125
1 0.28984375 0.2359375 0.0375 0.071875
1 0.240625 0.16015625 0.034375 0.05390625
1 0.340625 0.14453125 0.02578125 0.03359375
1 0.334375 0.1125 0.02109375 0.0390625
1 0.35234375 0.05859375 0.0171875 0.03203125
1 0.31484375 0.5953125 0.08125 0.18359375
1 0.0875 0.775 0.1234375 0.21640625
1 0.34921875 0.24296875 0.03828125 0.0765625
3 0.4703125 0.32578125 0.07578125 0.14375
2 0.17578125 0.82890625 0.0546875 0.1859375
1 0.390625 0.1328125 0.0296875 0.046875
1 0.37265625 0.1 0.0265625 0.040625
1 0.4875 0.628125 0.07421875 0.1953125
1 0.48828125 0.4546875 0.06875 0.1484375
1 0.34921875 0.0234375 0.0171875 0.028125
1 0.34609375 0.1828125 0.02890625 0.04375
0 0.3140625 0.01796875 0.025 0.0359375
1 0.33828125 0.00859375 0.0140625 0.01484375
1 0.871875 0.59140625 0.1078125 0.1765625