1 0.253125 0.35234375 0.05859375 0.11484375
1 0.475 0.36640625 0.0484375 0.09375
1 0.49140625 0.51484375 0.06171875 0.14609375
1 0.33359375 0.23515625 0.03671875 0.065625
1 0.44453125 0.2625 0.04765625 0.0765625
1 0.290625 0.15703125 0.02578125 0.04453125
1 0.415625 0.16484375 0.03203125 0.05546875
1 0.240625 0.1609375 0.034375 0.0546875
1 0.346875 0.01484375 0.01796875 0.0171875
1 0.365625 0.0734375 0.02109375 0.028125
1 0.28515625 0.10390625 0.02578125 0.0375
1 0.33828125 0.12109375 0.025 0.0296875
1 0.3578125 0.04140625 0.015625 0.0203125
1 0.37734375 0.10078125 0.02578125 0.0375
1 0.33046875 0.0828125 0.02265625 0.03125
1 0.3953125 0.12890625 0.02890625 0.04765625
1 0.3203125 0.03046875 0.02109375 0.0203125
1 0.31640625 0.01015625 0.0140625 0.01640625
2 0.31328125 0.159375 0.0140625 0.04765625
1 0.3265625 0.05 0.0171875 0.01875