1 0.23359375 0.6984375 0.11171875 0.2671875
1 0.334375 0.31953125 0.05390625 0.1140625
1 0.45 0.26484375 0.05546875 0.10625
1 0.4125 0.1640625 0.0375 0.05703125
1 0.3421875 0.19140625 0.03984375 0.07421875
1 0.28671875 0.19921875 0.04453125 0.08984375
1 0.23984375 0.16171875 0.03203125 0.07421875
1 0.29453125 0.1015625 0.02421875 0.04609375
1 0.33359375 0.08203125 0.0203125 0.04609375
1 0.36796875 0.0640625 0.0265625 0.05078125
1 0.29375 0.0609375 0.01953125 0.02734375
1 0.32109375 0.021875 0.0171875 0.0234375
1 0.346875 0.01328125 0.0171875 0.0203125
1 0.3296875 0.0515625 0.0203125 0.02578125