1 0.24140625 0.38359375 0.06640625 0.115625
1 0.31328125 0.42265625 0.05859375 0.12578125
1 0.34453125 0.2265625 0.03203125 0.0609375
1 0.40703125 0.1671875 0.03125 0.0515625
1 0.315625 0.15234375 0.0296875 0.04453125
1 0.240625 0.1625 0.034375 0.05
3 0.2875 0.0625 0.04140625 0.07578125
1 0.34921875 0.03359375 0.01875 0.025
1 0.31328125 0.0078125 0.02578125 0.015625
1 0.315625 0.01171875 0.01796875 0.01640625
1 0.49765625 0.540625 0.07578125 0.18359375
1 0.196875 0.86875 0.15 0.2625
1 0.33828125 0.0078125 0.01328125 0.015625