1 0.5015625 0.7328125 0.11171875 0.30234375
1 0.175 0.521875 0.0984375 0.20703125
1 0.215625 0.81875 0.1359375 0.3625
1 0.31640625 0.4421875 0.07578125 0.18046875
1 0.48515625 0.46953125 0.071875 0.15
1 0.46640625 0.3359375 0.06484375 0.134375
3 0.43046875 0.20625 0.0703125 0.11875
1 0.34453125 0.309375 0.046875 0.09375
1 0.26484375 0.296875 0.04921875 0.09140625
1 0.2921875 0.171875 0.03359375 0.05703125
1 0.240625 0.1578125 0.03359375 0.06328125
1 0.29453125 0.1046875 0.034375 0.05234375
1 0.33515625 0.11640625 0.03046875 0.06640625
1 0.34765625 0.228125 0.0390625 0.06796875
1 0.33125 0.06484375 0.01875 0.028125
2 0.29375 0.05234375 0.01328125 0.03515625
1 0.32109375 0.03671875 0.01875 0.02890625
1 0.29375 0.025 0.0171875 0.01640625
1 0.31796875 0.01484375 0.015625 0.02265625