1 0.075 0.8359375 0.15 0.303125
1 0.234375 0.434375 0.071875 0.12109375
1 0.4703125 0.34375 0.05859375 0.08828125
1 0.30703125 0.56484375 0.0765625 0.1625
1 0.3390625 0.34453125 0.04609375 0.10078125
1 0.421875 0.20234375 0.03828125 0.05625
1 0.34765625 0.17890625 0.03125 0.0515625
1 0.48828125 0.490625 0.0609375 0.14375
1 0.28828125 0.246875 0.03828125 0.06953125
1 0.446875 0.27265625 0.04375 0.075
1 0.39296875 0.12890625 0.02578125 0.03359375
1 0.3671875 0.07265625 0.021875 0.028125
1 0.240625 0.15859375 0.0328125 0.053125
3 0.3265625 0.05859375 0.03828125 0.08984375
1 0.77890625 0.896875 0.1390625 0.20625
1 0.49453125 0.78046875 0.09375 0.2765625
1 0.35 0.0171875 0.01484375 0.03359375