1 0.321875 0.528125 0.08359375 0.1765625
1 0.215625 0.896875 0.140625 0.20546875
1 0.41953125 0.20859375 0.03046875 0.03828125
1 0.34765625 0.21796875 0.0328125 0.04921875
1 0.3421875 0.32578125 0.04375 0.08671875
1 0.290625 0.18046875 0.0359375 0.053125
1 0.23984375 0.159375 0.03515625 0.053125
1 0.31875 0.03515625 0.01640625 0.0171875
1 0.34375 0.01953125 0.01796875 0.02578125
1 0.45078125 0.271875 0.05625 0.071875
1 0.38203125 0.1046875 0.025 0.03046875
0 0.33203125 0.10703125 0.04765625 0.115625
1 0.23203125 0.41328125 0.0671875 0.1484375
1 0.16015625 0.64453125 0.12578125 0.21484375
1 0.4015625 0.16015625 0.0265625 0.04609375
1 0.5 0.6484375 0.084375 0.25234375
3 0.48046875 0.39609375 0.0875 0.17890625
1 0.3671875 0.0640625 0.021875 0.02578125
1 0.3171875 0.00859375 0.01328125 0.0171875
1 0.38828125 0.1359375 0.028125 0.03125
1 0.3703125 0.0875 0.0203125 0.021875
3 0.2921875 0.021875 0.01875 0.04375