1 0.1359375 0.653125 0.1171875 0.19921875
1 0.49140625 0.421875 0.06328125 0.12734375
1 0.31171875 0.49921875 0.0671875 0.14609375
1 0.4390625 0.278125 0.04453125 0.0734375
1 0.40859375 0.165625 0.03203125 0.04921875
1 0.2765625 0.25703125 0.053125 0.1265625
3 0.22578125 0.409375 0.1125 0.1984375
1 0.340625 0.1078125 0.02265625 0.0328125
1 0.34765625 0.28515625 0.04375 0.07890625
1 0.24140625 0.15859375 0.0328125 0.0515625
1 0.328125 0.075 0.0203125 0.02890625
1 0.32265625 0.03828125 0.01796875 0.021875
1 0.29296875 0.12109375 0.025 0.03984375
1 0.38359375 0.1109375 0.03125 0.0546875
1 0.51796875 0.8296875 0.10390625 0.29140625