1 0.3671875 0.06875 0.0203125 0.03359375
1 0.134375 0.65390625 0.1046875 0.1765625
1 0.3265625 0.05859375 0.0203125 0.0296875
1 0.45859375 0.2921875 0.04609375 0.0765625
1 0.3453125 0.31015625 0.04375 0.08515625
1 0.34140625 0.190625 0.0328125 0.05703125
1 0.39765625 0.14375 0.028125 0.04609375
1 0.24140625 0.16015625 0.03359375 0.05234375
1 0.296875 0.109375 0.02421875 0.034375
1 0.29375 0.05546875 0.01796875 0.0234375
1 0.509375 0.52734375 0.09296875 0.17109375
1 0.1484375 0.96328125 0.12421875 0.07265625
1 0.31015625 0.4765625 0.07578125 0.1421875