1 0.1640625 0.57109375 0.10234375 0.153125
1 0.23203125 0.89140625 0.134375 0.2171875
1 0.496875 0.5109375 0.0703125 0.146875
1 0.2796875 0.2390625 0.04375 0.10703125
3 0.23515625 0.39140625 0.09296875 0.16796875
1 0.465625 0.31640625 0.06171875 0.10703125
1 0.33515625 0.37578125 0.05234375 0.10546875
1 0.3421875 0.21953125 0.03359375 0.075
1 0.39609375 0.13984375 0.028125 0.0515625
1 0.240625 0.16015625 0.03515625 0.053125
1 0.41953125 0.22109375 0.04375 0.06796875
1 0.33203125 0.0859375 0.02265625 0.0296875
1 0.2921875 0.09453125 0.01875 0.03671875
1 0.2890625 0.1546875 0.025 0.0546875
1 0.37421875 0.0875 0.03046875 0.05546875
1 0.0609375 0.88203125 0.121875 0.2359375
1 0.3203125 0.025 0.015625 0.021875
1 0.325 0.04921875 0.0140625 0.01875