1 0.0703125 0.8390625 0.1375 0.27734375
1 0.334375 0.4 0.05546875 0.11015625
1 0.26640625 0.28671875 0.06328125 0.146875
1 0.2328125 0.81484375 0.128125 0.2796875
1 0.4640625 0.38671875 0.05078125 0.10625
1 0.43046875 0.2234375 0.03359375 0.06328125
1 0.3453125 0.14609375 0.02578125 0.04140625
3 0.1984375 0.47890625 0.13046875 0.2328125
1 0.33125 0.09375 0.0203125 0.03359375
1 0.240625 0.1625 0.034375 0.04765625
1 0.3953125 0.13671875 0.03046875 0.0671875
1 0.32421875 0.04765625 0.021875 0.0265625
1 0.29140625 0.15546875 0.0265625 0.034375
1 0.28359375 0.19765625 0.03515625 0.04609375
1 0.51640625 0.7484375 0.08671875 0.265625