1 0.29375 0.61328125 0.0921875 0.1984375
1 0.25390625 0.340625 0.07421875 0.16484375
3 0.13515625 0.61171875 0.178125 0.31953125
1 0.46015625 0.31015625 0.0453125 0.084375
1 0.41171875 0.1890625 0.04140625 0.07890625
1 0.32734375 0.0609375 0.0234375 0.0328125
1 0.28046875 0.2453125 0.0453125 0.08984375
1 0.240625 0.16171875 0.03359375 0.04765625
1 0.34921875 0.203125 0.03203125 0.05390625
1 0.340625 0.12265625 0.02734375 0.040625
1 0.2890625 0.1859375 0.028125 0.0359375
1 0.48125 0.6046875 0.0765625 0.19765625