1 0.51953125 0.95234375 0.109375 0.0953125
1 0.19765625 0.48984375 0.09375 0.13046875
1 0.13125 0.6875 0.1390625 0.24453125
1 0.24140625 0.1609375 0.034375 0.0453125
1 0.47421875 0.39375 0.05234375 0.09453125
1 0.36015625 0.05234375 0.02265625 0.040625
1 0.33125 0.1171875 0.02578125 0.040625
1 0.43515625 0.259375 0.0421875 0.06796875
0 0.315625 0.40859375 0.12734375 0.3390625
1 0.32421875 0.0671875 0.02109375 0.02890625
3 0.28828125 0.1890625 0.04453125 0.1078125
1 0.39453125 0.159375 0.0359375 0.046875
1 0.38671875 0.11796875 0.02578125 0.03203125
1 0.37265625 0.0734375 0.02109375 0.021875
1 0.371875 0.09765625 0.01640625 0.0296875
1 0.31796875 0.025 0.01484375 0.0171875
1 0.29140625 0.07421875 0.021875 0.05546875
1 0.34375 0.19453125 0.03203125 0.05625
1 0.29296875 0.0171875 0.0203125 0.03125