1 0.4828125 0.43046875 0.06015625 0.1265625
1 0.29765625 0.5671875 0.08515625 0.17109375
1 0.3265625 0.06015625 0.0203125 0.028125
1 0.259375 0.325 0.05859375 0.10625
1 0.36484375 0.05546875 0.01875 0.02578125
1 0.41796875 0.2 0.03515625 0.05625
1 0.38984375 0.12109375 0.02734375 0.03984375
1 0.2828125 0.2359375 0.0390625 0.06328125
1 0.34375 0.28984375 0.03828125 0.08203125
1 0.2890625 0.1640625 0.03046875 0.04609375
1 0.45078125 0.2734375 0.0484375 0.07421875
1 0.23984375 0.16171875 0.034375 0.04921875
1 0.33828125 0.13046875 0.02890625 0.0390625
1 0.34609375 0.184375 0.0296875 0.0484375
1 0.2953125 0.0859375 0.02734375 0.03125
1 0.0703125 0.87265625 0.140625 0.2546875
1 0.4890625 0.68125 0.09375 0.2296875
1 0.73203125 0.89296875 0.1765625 0.2140625
1 0.92421875 0.4734375 0.10078125 0.20390625
1 0.34453125 0.01875 0.01875 0.03359375
3 0.31953125 0.01875 0.0234375 0.03671875