1 0.5046875 0.66015625 0.1046875 0.29296875
1 0.23359375 0.8609375 0.1171875 0.278125
1 0.29921875 0.525 0.1109375 0.30546875
1 0.3796875 0.7625 0.0046875 0.009375
1 0.090625 0.78046875 0.1703125 0.28203125
1 0.27265625 0.26875 0.0640625 0.1109375
1 0.33828125 0.35078125 0.065625 0.134375
1 0.4828125 0.41171875 0.0625 0.1234375
1 0.44765625 0.28984375 0.0640625 0.1078125
1 0.34765625 0.24140625 0.0390625 0.07890625
1 0.3453125 0.1546875 0.0359375 0.05234375
1 0.28828125 0.14609375 0.03046875 0.05078125
1 0.3265625 0.04375 0.02421875 0.06015625
1 0.87265625 0.57421875 0.13125 0.21875
1 0.24609375 0.165625 0.0375 0.08203125
1 0.29375 0.05859375 0.025 0.03984375
1 0.29375 0.021875 0.01796875 0.03359375
1 0.32265625 0.0109375 0.0125 0.02109375
3 0.425 0.18671875 0.05703125 0.1109375
2 0.30625 0.19765625 0.01484375 0.04921875