1 0.47265625 0.3421875 0.0484375 0.090625
1 0.33125 0.3359375 0.04453125 0.08515625
1 0.33828125 0.19375 0.03515625 0.071875
1 0.4484375 0.2609375 0.03828125 0.06953125
1 0.41875 0.20078125 0.03515625 0.059375
1 0.3203125 0.05859375 0.01875 0.021875
1 0.23984375 0.1609375 0.03359375 0.05546875
1 0.290625 0.165625 0.0296875 0.0515625
1 0.2984375 0.08828125 0.02421875 0.03359375
1 0.4046875 0.14296875 0.0296875 0.040625
1 0.35703125 0.05078125 0.01953125 0.0328125
1 0.31640625 0.02734375 0.015625 0.01640625
1 0.29140625 0.04296875 0.01953125 0.02109375
1 0.496875 0.5421875 0.0734375 0.16484375
1 0.36953125 0.08984375 0.0265625 0.04296875
1 0.38359375 0.115625 0.01796875 0.04296875
1 0.3421875 0.0140625 0.01484375 0.028125
1 0.3171875 0.00859375 0.0140625 0.01640625
2 0.30546875 0.01875 0.0078125 0.028125