1 0.34765625 0.3671875 0.0515625 0.109375
1 0.83125 0.6609375 0.1171875 0.2203125
1 0.36171875 0.0484375 0.0171875 0.0234375
1 0.4890625 0.45390625 0.0640625 0.14453125
1 0.240625 0.16015625 0.03359375 0.053125
1 0.29453125 0.12734375 0.02421875 0.025
1 0.29140625 0.07109375 0.01953125 0.0359375
1 0.48984375 0.62421875 0.06796875 0.18046875
1 0.29765625 0.665625 0.078125 0.21171875
1 0.11875 0.68828125 0.125 0.228125
1 0.2640625 0.35078125 0.0625 0.10625
1 0.2859375 0.23359375 0.04453125 0.08828125
2 0.296875 0.16640625 0.015625 0.04296875
1 0.34453125 0.20078125 0.04140625 0.1046875
3 0.45546875 0.26953125 0.078125 0.140625
1 0.334375 0.1046875 0.02265625 0.03984375
1 0.340625 0.134375 0.02265625 0.0265625
1 0.34375 0.01953125 0.01484375 0.02109375
1 0.32265625 0.0359375 0.01484375 0.0203125
1 0.3265625 0.05703125 0.015625 0.01484375
2 0.30859375 0.02890625 0.00859375 0.0265625
1 0.29375 0.03359375 0.0140625 0.021875
1 0.31796875 0.0109375 0.0171875 0.021875
1 0.33828125 0.0046875 0.0125 0.009375
1 0.3296875 0.07890625 0.02109375 0.02734375