1 0.346875 0.2171875 0.0375 0.06328125
1 0.328125 0.37734375 0.05625 0.11484375
1 0.46015625 0.271875 0.04609375 0.08984375
1 0.32890625 0.075 0.0234375 0.03203125
1 0.28828125 0.15546875 0.03671875 0.071875
1 0.23984375 0.1609375 0.03515625 0.0546875
1 0.471875 0.38984375 0.05234375 0.1109375
1 0.42109375 0.19765625 0.03515625 0.04453125
1 0.3328125 0.1171875 0.0203125 0.03671875
1 0.29375 0.05390625 0.0171875 0.025
1 0.32109375 0.04453125 0.01875 0.02109375
1 0.4046875 0.14609375 0.0265625 0.04453125
1 0.38125 0.1109375 0.02578125 0.05625
1 0.3171875 0.01328125 0.015625 0.0171875
1 0.26875 0.7203125 0.13359375 0.28984375
1 0.48984375 0.525 0.06796875 0.1421875
1 0.51484375 0.85703125 0.0953125 0.2859375
1 0.36640625 0.05703125 0.01484375 0.021875
1 0.3484375 0.028125 0.01328125 0.021875
1 0.3578125 0.04140625 0.015625 0.021875