1 0.2859375 0.5640625 0.07890625 0.18671875
1 0.49296875 0.49375 0.07265625 0.18203125
1 0.86015625 0.6515625 0.09921875 0.228125
1 0.434375 0.2203125 0.0484375 0.07109375
1 0.3921875 0.11640625 0.04609375 0.06328125
1 0.3375 0.12734375 0.03671875 0.06953125
1 0.28671875 0.2765625 0.03984375 0.0984375
1 0.3375 0.32734375 0.06171875 0.19453125
1 0.29296875 0.08046875 0.0265625 0.06484375
1 0.32578125 0.06015625 0.02265625 0.03671875
1 0.31953125 0.02578125 0.0140625 0.0265625
1 0.2921875 0.025 0.02109375 0.028125
3 0.36640625 0.0578125 0.0390625 0.06015625
3 0.10546875 0.72265625 0.2109375 0.54765625