1 0.43671875 0.23984375 0.03828125 0.059375
1 0.41171875 0.18828125 0.03203125 0.05
1 0.1859375 0.50546875 0.0953125 0.1671875
1 0.253125 0.3484375 0.05546875 0.090625
1 0.2953125 0.14296875 0.02890625 0.071875
1 0.3375 0.36015625 0.05 0.121875
1 0.2875 0.2546875 0.0375 0.071875
1 0.240625 0.16015625 0.034375 0.05390625
1 0.340625 0.14453125 0.02578125 0.03359375
1 0.334375 0.1125 0.02109375 0.0390625
1 0.3515625 0.06484375 0.0171875 0.03203125
1 0.30390625 0.6578125 0.0890625 0.20390625
1 0.08359375 0.8109375 0.16640625 0.2859375
1 0.34921875 0.24296875 0.03828125 0.0765625
3 0.4703125 0.32578125 0.07578125 0.14375
2 0.11328125 0.971875 0.0578125 0.05625
1 0.390625 0.1328125 0.0296875 0.046875
1 0.37265625 0.1 0.0265625 0.040625
1 0.4875 0.628125 0.07421875 0.1953125
1 0.48828125 0.4546875 0.06875 0.1484375
1 0.35 0.02734375 0.0171875 0.028125
1 0.34609375 0.1828125 0.02890625 0.04375
0 0.315625 0.0203125 0.028125 0.040625
1 0.3390625 0.0109375 0.015625 0.01953125
1 0.83828125 0.66875 0.128125 0.21484375