1 0.48359375 0.5109375 0.0734375 0.17265625
1 0.528125 0.88125 0.12265625 0.2375
1 0.0765625 0.865625 0.14609375 0.26875
1 0.33203125 0.25703125 0.0390625 0.08515625
1 0.2421875 0.15703125 0.03125 0.05859375
1 0.3328125 0.11015625 0.02265625 0.04140625
1 0.359375 0.0375 0.01796875 0.028125
1 0.325 0.07421875 0.02109375 0.03125
1 0.29296875 0.034375 0.01953125 0.03828125
1 0.3265625 0.04140625 0.0171875 0.02890625
1 0.31796875 0.01171875 0.01484375 0.02265625
1 0.34609375 0.01328125 0.0140625 0.0265625