1 0.2359375 0.4 0.06015625 0.1046875
1 0.8984375 0.56484375 0.10546875 0.15390625
1 0.3046875 0.5265625 0.0734375 0.16796875
1 0.46796875 0.36171875 0.053125 0.10234375
1 0.33828125 0.13359375 0.028125 0.04140625
1 0.3484375 0.3078125 0.04609375 0.10625
1 0.44921875 0.24765625 0.04375 0.08359375
1 0.240625 0.1625 0.034375 0.04765625
1 0.3265625 0.07421875 0.01875 0.02578125
1 0.4890625 0.4859375 0.053125 0.121875
1 0.34453125 0.1953125 0.034375 0.059375
1 0.48828125 0.51875 0.05625 0.07265625
1 0.4125 0.17109375 0.0359375 0.0484375
1 0.29140625 0.06015625 0.03671875 0.06640625
1 0.50234375 0.71875 0.08359375 0.26875
1 0.1 0.7515625 0.13125 0.24375
1 0.396875 0.1328125 0.0296875 0.04921875
1 0.37578125 0.0984375 0.02890625 0.04296875
1 0.36953125 0.0703125 0.02421875 0.0296875
1 0.3234375 0.04375 0.015625 0.0265625
1 0.36015625 0.046875 0.0234375 0.0234375
1 0.34765625 0.01640625 0.01484375 0.0203125
1 0.3203125 0.0203125 0.0171875 0.025
1 0.29453125 0.01796875 0.01875 0.0203125