1 0.33515625 0.46640625 0.06015625 0.13515625
1 0.48828125 0.45390625 0.0625 0.140625
1 0.36953125 0.075 0.02109375 0.025
1 0.290625 0.09609375 0.02265625 0.04375
1 0.24140625 0.1625 0.034375 0.046875
1 0.29375 0.15234375 0.02578125 0.04375
1 0.35 0.03984375 0.01875 0.0171875
1 0.34375 0.2296875 0.04296875 0.11640625
2 0.296875 0.1984375 0.01796875 0.05703125
1 0.278125 0.278125 0.05078125 0.08671875
1 0.24140625 0.428125 0.0671875 0.14296875
1 0.34296875 0.15703125 0.02578125 0.0359375
1 0.3375 0.1203125 0.0234375 0.040625
1 0.33359375 0.09140625 0.02265625 0.0296875
1 0.32890625 0.0703125 0.02109375 0.01875
1 0.29296875 0.0515625 0.01953125 0.0328125
2 0.31015625 0.05078125 0.00625 0.034375
1 0.321875 0.02578125 0.0140625 0.03125
1 0.3421875 0.0171875 0.01484375 0.01875
1 0.29453125 0.0265625 0.01796875 0.0265625
1 0.3359375 0.00546875 0.01328125 0.0109375
3 0.45859375 0.29609375 0.09296875 0.153125
1 0.246875 0.8859375 0.1265625 0.228125
1 0.05859375 0.86953125 0.1171875 0.2609375
1 0.4890625 0.62734375 0.07109375 0.19296875