1 0.4421875 0.24296875 0.03828125 0.059375
1 0.41640625 0.196875 0.0296875 0.05546875
1 0.07109375 0.8140625 0.1421875 0.325
1 0.20546875 0.4890625 0.078125 0.1296875
1 0.27109375 0.27578125 0.04140625 0.084375
1 0.2828125 0.60078125 0.0921875 0.2140625
1 0.259375 0.3734375 0.05625 0.10859375
1 0.240625 0.16015625 0.034375 0.05390625
1 0.34765625 0.19140625 0.03125 0.05703125
1 0.340625 0.14765625 0.03203125 0.04296875
1 0.34375 0.0984375 0.0234375 0.0359375
1 0.85078125 0.590625 0.1125 0.2203125
1 0.3421875 0.3671875 0.05546875 0.1234375
3 0.4703125 0.32578125 0.07578125 0.14375
1 0.4015625 0.16015625 0.0296875 0.046875
1 0.38515625 0.128125 0.0265625 0.040625
1 0.4875 0.628125 0.07421875 0.1953125
1 0.48828125 0.4546875 0.06875 0.1484375
1 0.36171875 0.05390625 0.01953125 0.0359375
1 0.35234375 0.25390625 0.0375 0.06875
0 0.321875 0.0375 0.03359375 0.075
1 0.34765625 0.0328125 0.01640625 0.0234375
1 0.34296875 0.0109375 0.01328125 0.01953125