1 0.4796875 0.4046875 0.053125 0.109375
1 0.45625 0.29375 0.04609375 0.08125
1 0.328125 0.08203125 0.0265625 0.04375
1 0.4125 0.1796875 0.0328125 0.05234375
1 0.34140625 0.1359375 0.02421875 0.03984375
1 0.240625 0.16171875 0.034375 0.04765625
1 0.43515625 0.228125 0.0375 0.0640625
1 0.36640625 0.07890625 0.0203125 0.03203125
1 0.34921875 0.0328125 0.0203125 0.0234375
1 0.37890625 0.109375 0.0171875 0.025
1 0.290625 0.06953125 0.02265625 0.0328125
1 0.3140625 0.01484375 0.0140625 0.01953125
1 0.25625 0.74765625 0.1375 0.28515625
1 0.29609375 0.03359375 0.0171875 0.03125
1 0.5015625 0.56796875 0.071875 0.18515625
1 0.3984375 0.1234375 0.0296875 0.05546875