1 0.496875 0.44296875 0.05625 0.1375
1 0.46328125 0.31328125 0.04453125 0.08046875
1 0.34140625 0.4078125 0.059375 0.1328125
1 0.434375 0.225 0.040625 0.071875
1 0.3359375 0.13359375 0.03203125 0.05703125
1 0.2875 0.19296875 0.034375 0.0578125
1 0.23984375 0.1625 0.034375 0.04921875
1 0.3484375 0.26875 0.0359375 0.0640625
1 0.3875 0.11640625 0.02421875 0.0234375
1 0.4015625 0.1578125 0.03515625 0.06015625
1 0.325 0.0546875 0.0171875 0.0265625
1 0.29375 0.12265625 0.0296875 0.04453125
1 0.2921875 0.05234375 0.01796875 0.0296875
1 0.2859375 0.67421875 0.0890625 0.19765625
1 0.0796875 0.8515625 0.159375 0.29609375
1 0.37890625 0.0859375 0.02578125 0.02421875
1 0.3703125 0.065625 0.0171875 0.0234375
1 0.3609375 0.0546875 0.0171875 0.0203125