1 0.17265625 0.50546875 0.075 0.13046875
1 0.125 0.690625 0.1390625 0.24453125
1 0.24140625 0.1609375 0.034375 0.0453125
1 0.48828125 0.46640625 0.065625 0.13125
1 0.36015625 0.05234375 0.02265625 0.040625
1 0.334375 0.1359375 0.02578125 0.040625
1 0.44453125 0.28359375 0.05078125 0.08125
0 0.27890625 0.55625 0.13671875 0.38515625
1 0.3265625 0.07890625 0.025 0.04140625
3 0.284375 0.22734375 0.05625 0.109375
1 0.40390625 0.178125 0.0390625 0.05546875
1 0.38984375 0.12578125 0.03203125 0.046875
1 0.37265625 0.0734375 0.02109375 0.021875
1 0.371875 0.09765625 0.01640625 0.0296875
1 0.321875 0.0296875 0.021875 0.0265625
1 0.28984375 0.096875 0.025 0.06640625
1 0.34609375 0.21796875 0.0359375 0.07734375
1 0.2921875 0.0296875 0.0203125 0.03125