1 0.1640625 0.57109375 0.10234375 0.153125
1 0.2546875 0.82265625 0.12734375 0.26953125
1 0.48671875 0.453125 0.06484375 0.12109375
1 0.53046875 0.9046875 0.1 0.190625
1 0.28046875 0.2171875 0.04375 0.10703125
3 0.23984375 0.36953125 0.09296875 0.16796875
1 0.45625 0.28515625 0.05234375 0.08125
1 0.33828125 0.33984375 0.04453125 0.09453125
1 0.34140625 0.20234375 0.03359375 0.075
1 0.3921875 0.13203125 0.028125 0.0515625
1 0.240625 0.16015625 0.03515625 0.053125
1 0.41171875 0.2046875 0.034375 0.05546875
1 0.33203125 0.078125 0.02265625 0.0296875
1 0.2921875 0.08203125 0.01875 0.03671875
1 0.2890625 0.1390625 0.025 0.0546875
1 0.37109375 0.08203125 0.03046875 0.05546875
1 0.0671875 0.86328125 0.13359375 0.2734375
1 0.3203125 0.025 0.015625 0.021875
1 0.325 0.04921875 0.0140625 0.01875