1 0.26015625 0.31015625 0.06328125 0.115625
1 0.47890625 0.42734375 0.0546875 0.1203125
1 0.46796875 0.28984375 0.05546875 0.09453125
1 0.34140625 0.3609375 0.04921875 0.10390625
1 0.34296875 0.17421875 0.028125 0.04765625
1 0.29296875 0.10625 0.02421875 0.03828125
1 0.240625 0.1609375 0.03828125 0.0546875
1 0.42421875 0.2078125 0.04140625 0.0578125
1 0.41015625 0.15859375 0.03125 0.04609375
1 0.33828125 0.1125 0.028125 0.03984375
1 0.3859375 0.121875 0.03203125 0.0484375
1 0.328125 0.07890625 0.02109375 0.028125
1 0.37890625 0.08828125 0.02421875 0.0203125
1 0.31953125 0.03203125 0.01875 0.02109375
1 0.50078125 0.68203125 0.07265625 0.246875
1 0.2453125 0.7390625 0.1234375 0.28984375
1 0.35625 0.03359375 0.0171875 0.03125
1 0.36953125 0.0671875 0.0265625 0.0296875
1 0.29140625 0.03046875 0.021875 0.04453125