1 0.321875 0.434375 0.065625 0.146875
1 0.48671875 0.4578125 0.0640625 0.16484375
1 0.45625 0.26640625 0.053125 0.09140625
1 0.246875 0.35546875 0.07734375 0.146875
1 0.190625 0.859375 0.17109375 0.28125
1 0.29140625 0.1703125 0.03359375 0.06015625
1 0.24140625 0.15703125 0.040625 0.08359375
1 0.34453125 0.1515625 0.028125 0.06171875
1 0.39453125 0.12265625 0.0359375 0.05078125
1 0.3375 0.10234375 0.0296875 0.05078125
1 0.29453125 0.1046875 0.03203125 0.04921875
1 0.325 0.0515625 0.025 0.04765625
1 0.359375 0.04609375 0.02265625 0.04296875
1 0.3140625 0.009375 0.0203125 0.01875