1 0.7671875 0.82890625 0.1375 0.29921875
1 0.46484375 0.32265625 0.0515625 0.08359375
1 0.884375 0.55390625 0.11484375 0.15078125
1 0.24296875 0.39453125 0.0625 0.10703125
1 0.4859375 0.46484375 0.05859375 0.14140625
1 0.4109375 0.165625 0.03515625 0.046875
1 0.278125 0.25625 0.04453125 0.0703125
1 0.378125 0.0890625 0.021875 0.02890625
1 0.43671875 0.2421875 0.04296875 0.06640625
1 0.33515625 0.10703125 0.02265625 0.034375
1 0.34765625 0.30078125 0.04375 0.0734375
1 0.240625 0.1625 0.03359375 0.046875
1 0.34296875 0.209375 0.03671875 0.06328125
1 0.29609375 0.1484375 0.03046875 0.04765625
1 0.4875 0.70703125 0.09140625 0.240625
1 0.31171875 0.5359375 0.0765625 0.18671875
1 0.1375 0.66171875 0.1390625 0.25625
1 0.35625 0.0421875 0.02421875 0.03828125
3 0.321875 0.034375 0.028125 0.06875