1 0.4421875 0.24296875 0.03828125 0.059375
1 0.41328125 0.1890625 0.0296875 0.05546875
1 0.15625 0.58046875 0.1171875 0.209375
1 0.23984375 0.38359375 0.05859375 0.103125
1 0.2890625 0.17734375 0.02890625 0.071875
1 0.33203125 0.40078125 0.0578125 0.125
1 0.2828125 0.29296875 0.04453125 0.09140625
1 0.240625 0.16015625 0.034375 0.05390625
1 0.34375 0.15703125 0.0296875 0.03984375
1 0.334375 0.1125 0.02109375 0.0390625
1 0.35078125 0.07578125 0.0171875 0.03203125
1 0.26796875 0.80859375 0.1234375 0.271875
1 0.05859375 0.8953125 0.1171875 0.209375
1 0.3484375 0.28046875 0.0390625 0.09375
3 0.4703125 0.32578125 0.07578125 0.14375
1 0.39609375 0.14609375 0.0296875 0.046875
1 0.37890625 0.11328125 0.0265625 0.040625
1 0.4875 0.628125 0.07421875 0.1953125
1 0.48828125 0.4546875 0.06875 0.1484375
1 0.3515625 0.03125 0.0171875 0.028125
1 0.34609375 0.203125 0.02734375 0.05625
0 0.31796875 0.0234375 0.02578125 0.046875
1 0.33984375 0.0140625 0.0140625 0.01796875
1 0.8 0.8515625 0.12578125 0.28125