1 0.48984375 0.49921875 0.05625 0.1421875
1 0.47109375 0.3390625 0.04765625 0.08359375
1 0.3375 0.165625 0.03671875 0.08359375
1 0.446875 0.25546875 0.03828125 0.065625
1 0.41953125 0.196875 0.0359375 0.05703125
1 0.33671875 0.29296875 0.03515625 0.06640625
1 0.23984375 0.1609375 0.03515625 0.05390625
1 0.40078125 0.13671875 0.02265625 0.0484375
1 0.31796875 0.0515625 0.01640625 0.01953125
1 0.28984375 0.15 0.021875 0.053125
1 0.3546875 0.04921875 0.01953125 0.03984375
1 0.371875 0.08828125 0.02109375 0.03828125
1 0.315625 0.01484375 0.015625 0.01796875
1 0.384375 0.11484375 0.0171875 0.03515625
1 0.29453125 0.0765625 0.01796875 0.04140625
1 0.515625 0.94921875 0.10625 0.1015625
1 0.290625 0.0265625 0.0125 0.03125
2 0.303125 0.0125 0.00859375 0.025
1 0.3421875 0.0109375 0.01328125 0.02109375