1 0.446875 0.2515625 0.0515625 0.1046875
1 0.33515625 0.31953125 0.05546875 0.08671875
1 0.30625 0.19609375 0.034375 0.06171875
1 0.3375 0.11171875 0.03828125 0.09375
1 0.29609375 0.09765625 0.028125 0.04140625
1 0.240625 0.15625 0.0359375 0.06171875
1 0.3796875 0.08828125 0.02421875 0.04296875
1 0.35703125 0.0375 0.02265625 0.03515625
1 0.3234375 0.03125 0.02578125 0.03828125
1 0.29609375 0.01484375 0.01796875 0.0234375
1 0.31484375 0.00859375 0.015625 0.01640625
3 0.20390625 0.43359375 0.18671875 0.53125