1 0.2578125 0.65390625 0.10625 0.2421875
1 0.4796875 0.39765625 0.0625 0.153125
1 0.44375 0.234375 0.05703125 0.0953125
1 0.3375 0.34140625 0.06015625 0.1453125
1 0.2671875 0.3078125 0.06328125 0.134375
1 0.2921875 0.1515625 0.02578125 0.05234375
1 0.24140625 0.16640625 0.03046875 0.08359375
1 0.29296875 0.08984375 0.021875 0.04921875
1 0.340625 0.13203125 0.021875 0.05078125
1 0.3875 0.103125 0.03125 0.04921875
1 0.33359375 0.08828125 0.025 0.03671875
1 0.3234375 0.04375 0.02421875 0.03515625
1 0.3546875 0.03828125 0.0171875 0.028125
1 0.31328125 0.00703125 0.0171875 0.0140625