1 0.18203125 0.53359375 0.09296875 0.1546875
1 0.3140625 0.55390625 0.08828125 0.1609375
1 0.46796875 0.3375 0.04921875 0.084375
1 0.5171875 0.6203125 0.0796875 0.2109375
1 0.284375 0.19765625 0.04375 0.10703125
3 0.2546875 0.3328125 0.0875 0.15234375
1 0.43125 0.22890625 0.0421875 0.0671875
1 0.34296875 0.26796875 0.0375 0.07421875
1 0.33515625 0.1609375 0.0296875 0.0625
1 0.384375 0.10859375 0.021875 0.0375
1 0.240625 0.16015625 0.03515625 0.053125
1 0.3984375 0.16796875 0.028125 0.04765625
1 0.3296875 0.0671875 0.01953125 0.0203125
1 0.2921875 0.0578125 0.01875 0.03671875
1 0.290625 0.109375 0.025 0.0546875
1 0.3671875 0.0671875 0.02265625 0.04140625
1 0.08671875 0.81015625 0.14296875 0.28671875
1 0.31953125 0.0171875 0.015625 0.021875
1 0.32265625 0.04296875 0.0140625 0.01875