1 0.46015625 0.2921875 0.04765625 0.08984375
1 0.4015625 0.14375 0.03125 0.04921875
1 0.36796875 0.078125 0.0234375 0.02421875
1 0.3265625 0.07578125 0.0203125 0.028125
1 0.23984375 0.1625 0.03359375 0.04765625
1 0.34296875 0.234375 0.03515625 0.06796875
1 0.29296875 0.1625 0.0265625 0.040625
1 0.33125 0.11640625 0.021875 0.02890625
1 0.33515625 0.18046875 0.03046875 0.04296875
1 0.35390625 0.04296875 0.01796875 0.021875
1 0.29375 0.11171875 0.0265625 0.03515625
1 0.32265625 0.04296875 0.01796875 0.01953125
1 0.2921875 0.03984375 0.021875 0.03125
1 0.34453125 0.01328125 0.0140625 0.02578125
1 0.31875 0.0203125 0.0125 0.025
0 0.14375 0.571875 0.2875 0.61875