1 0.50703125 0.66328125 0.0921875 0.25625
1 0.25546875 0.78828125 0.11640625 0.271875
1 0.15703125 0.6171875 0.12421875 0.21015625
1 0.30625 0.5046875 0.08515625 0.28984375
1 0.47265625 0.37890625 0.05625 0.115625
1 0.4375 0.24375 0.05703125 0.1015625
1 0.34453125 0.1796875 0.0359375 0.05703125
1 0.334375 0.10625 0.0265625 0.04296875
1 0.32109375 0.021875 0.01640625 0.04296875
1 0.29140625 0.09453125 0.02109375 0.04765625
1 0.24296875 0.15859375 0.03125 0.05546875
1 0.28984375 0.2078125 0.04140625 0.08515625
1 0.340625 0.309375 0.0546875 0.134375
3 0.05390625 0.85625 0.1078125 0.278125
2 0.3046875 0.140625 0.02265625 0.04921875
3 0.41171875 0.15859375 0.06015625 0.09296875
1 0.2921875 0.028125 0.02890625 0.03125