1 0.41328125 0.178125 0.03359375 0.04921875
1 0.38125 0.103125 0.02265625 0.028125
1 0.28203125 0.2203125 0.03828125 0.06640625
1 0.01953125 0.97421875 0.0390625 0.0515625
1 0.28671875 0.15078125 0.0265625 0.03671875
1 0.3171875 0.0234375 0.01640625 0.02421875
1 0.34453125 0.18359375 0.02734375 0.04921875
1 0.296875 0.10234375 0.02109375 0.03828125
1 0.240625 0.16015625 0.034375 0.05390625
1 0.334375 0.10390625 0.02421875 0.0296875
1 0.3265625 0.06953125 0.01875 0.025
1 0.34140625 0.01953125 0.01875 0.01875
1 0.34921875 0.26953125 0.034375 0.06328125
1 0.14765625 0.63671875 0.109375 0.18359375
1 0.309375 0.496875 0.07734375 0.240625
2 0.23671875 0.42421875 0.03984375 0.1015625
1 0.26328125 0.32109375 0.05625 0.08359375
1 0.340625 0.1453125 0.03046875 0.03984375
3 0.46875 0.321875 0.07109375 0.134375
0 0.89140625 0.47578125 0.13984375 0.28203125
2 0.315625 0.1921875 0.01640625 0.05078125
1 0.36640625 0.075 0.0203125 0.02734375
1 0.3546875 0.0515625 0.0203125 0.0234375
1 0.4890625 0.621875 0.07421875 0.1953125
1 0.48828125 0.4546875 0.06875 0.1484375