1 0.48671875 0.45 0.05078125 0.10859375
1 0.2453125 0.36484375 0.05546875 0.09765625
1 0.46171875 0.3375 0.0484375 0.09296875
1 0.278125 0.22734375 0.040625 0.059375
1 0.346875 0.27890625 0.0375 0.08046875
1 0.440625 0.21875 0.03828125 0.071875
1 0.240625 0.1625 0.034375 0.0484375
1 0.40703125 0.15625 0.0359375 0.04609375
1 0.32734375 0.0859375 0.02109375 0.03203125
1 0.3484375 0.19140625 0.034375 0.0546875
1 0.33984375 0.11796875 0.0265625 0.03671875
1 0.32109375 0.04453125 0.01875 0.01953125
1 0.29375 0.034375 0.01796875 0.021875
1 0.36640625 0.06015625 0.01796875 0.02109375
2 0.1703125 0.6109375 0.07109375 0.1546875
1 0.1984375 0.8375 0.13515625 0.28203125
1 0.4984375 0.65078125 0.0828125 0.21484375
1 0.740625 0.89375 0.121875 0.2125
1 0.3890625 0.11640625 0.028125 0.04140625
1 0.36953125 0.08515625 0.03359375 0.03984375
1 0.35703125 0.0359375 0.01875 0.0265625
1 0.346875 0.015625 0.01328125 0.01875
1 0.31953125 0.0203125 0.01640625 0.021875