1 0.503125 0.68203125 0.08515625 0.253125
1 0.48203125 0.42109375 0.06171875 0.1265625
1 0.8296875 0.68359375 0.1109375 0.21640625
1 0.45 0.2890625 0.05546875 0.1125
1 0.33515625 0.34453125 0.0640625 0.1375
1 0.30234375 0.52109375 0.109375 0.28203125
1 0.234375 0.871875 0.13046875 0.25625
1 0.078125 0.8390625 0.146875 0.321875
1 0.2671875 0.29921875 0.06171875 0.1015625
1 0.28828125 0.15390625 0.03203125 0.05703125
1 0.34375 0.1703125 0.03671875 0.05703125
3 0.42421875 0.18515625 0.06171875 0.0984375
1 0.32578125 0.0453125 0.02578125 0.05703125
1 0.29375 0.06953125 0.02109375 0.03359375
1 0.240625 0.1578125 0.03984375 0.06328125
1 0.29375 0.03359375 0.01875 0.025
1 0.325 0.0140625 0.0109375 0.01875
1 0.3125 0.00625 0.01328125 0.01171875
2 0.30390625 0.21796875 0.0234375 0.05546875