1 0.84765625 0.61953125 0.12421875 0.20078125
1 0.334375 0.3828125 0.05078125 0.10859375
1 0.21953125 0.44765625 0.08125 0.15
1 0.459375 0.30234375 0.05234375 0.0796875
1 0.26953125 0.29921875 0.05078125 0.0796875
1 0.484375 0.44921875 0.05859375 0.134375
1 0.40078125 0.14609375 0.03046875 0.0453125
1 0.428125 0.22265625 0.0390625 0.06640625
1 0.33125 0.0796875 0.02421875 0.034375
1 0.2859375 0.20859375 0.034375 0.0578125
1 0.3421875 0.16484375 0.0328125 0.046875
1 0.371875 0.07578125 0.01953125 0.02421875
1 0.3515625 0.0296875 0.01953125 0.0234375
1 0.240625 0.1609375 0.034375 0.05390625
1 0.34765625 0.23515625 0.034375 0.0625
1 0.296875 0.128125 0.02578125 0.02109375
1 0.4921875 0.6984375 0.09375 0.2546875
1 0.2078125 0.87890625 0.13515625 0.2421875
3 0.31953125 0.02890625 0.0296875 0.0578125