1 0.328125 0.0890625 0.021875 0.028125
1 0.38671875 0.11640625 0.02734375 0.03515625
1 0.44296875 0.23828125 0.0421875 0.071875
1 0.36171875 0.05625 0.021875 0.02421875
1 0.240625 0.1609375 0.0359375 0.0484375
1 0.29296875 0.13046875 0.0234375 0.03984375
0 0.215625 0.3890625 0.17265625 0.36953125
1 0.34140625 0.1734375 0.03125 0.053125
1 0.34765625 0.0296875 0.0171875 0.01953125
1 0.29296875 0.08828125 0.02109375 0.03125
1 0.321875 0.0546875 0.02109375 0.02265625
1 0.33046875 0.1359375 0.02734375 0.0375
1 0.5046875 0.7609375 0.08828125 0.2625
1 0.29296875 0.0296875 0.01484375 0.025
1 0.32109375 0.02890625 0.01328125 0.0203125
1 0.315625 0.009375 0.0125 0.01875
1 0.3421875 0.00703125 0.0125 0.0140625