1 0.3359375 0.3296875 0.04375 0.0921875
1 0.46015625 0.2671875 0.04609375 0.0859375
1 0.471875 0.384375 0.04921875 0.10703125
1 0.34609375 0.1984375 0.0328125 0.0578125
1 0.28984375 0.13359375 0.0328125 0.0640625
1 0.33046875 0.10859375 0.021875 0.0359375
1 0.2390625 0.1609375 0.03828125 0.0546875
1 0.41875 0.19375 0.03515625 0.04609375
1 0.06484375 0.87109375 0.12578125 0.24609375
1 0.29375 0.04765625 0.01796875 0.0234375
1 0.32734375 0.06953125 0.02109375 0.02734375
1 0.3796875 0.109375 0.02890625 0.04296875
1 0.40703125 0.15859375 0.03515625 0.03046875
1 0.49140625 0.51015625 0.0578125 0.14375
1 0.50703125 0.82578125 0.1109375 0.28671875
1 0.3015625 0.6078125 0.1 0.24375
1 0.3734375 0.0765625 0.0203125 0.0265625
1 0.36640625 0.0546875 0.0203125 0.03203125
1 0.34921875 0.02265625 0.01484375 0.0203125
1 0.35703125 0.040625 0.01796875 0.0234375
1 0.32265625 0.03828125 0.02265625 0.03359375
1 0.31640625 0.0109375 0.01796875 0.02109375