1 0.4859375 0.6265625 0.06796875 0.20078125
1 0.48515625 0.453125 0.078125 0.153125
3 0.4546875 0.2625 0.0796875 0.1453125
1 0.34921875 0.34453125 0.05546875 0.10625
1 0.27109375 0.33203125 0.04453125 0.0984375
1 0.31171875 0.60078125 0.0765625 0.19609375
1 0.14296875 0.62890625 0.11796875 0.20234375
1 0.16171875 0.9609375 0.1484375 0.078125
1 0.28828125 0.21875 0.04921875 0.07421875
1 0.3421875 0.1859375 0.04765625 0.11875
1 0.23984375 0.15546875 0.034375 0.07265625
2 0.29765625 0.1484375 0.02265625 0.05234375
1 0.35703125 0.040625 0.01796875 0.025
1 0.33359375 0.090625 0.02109375 0.03515625
1 0.340625 0.1234375 0.02109375 0.0265625
1 0.29296875 0.1046875 0.021875 0.03671875
1 0.28984375 0.06015625 0.01640625 0.03359375
1 0.32734375 0.0671875 0.0203125 0.02890625
1 0.32421875 0.04296875 0.01640625 0.01953125
1 0.29375 0.02890625 0.0140625 0.021875
2 0.309375 0.0234375 0.00703125 0.0234375
1 0.32109375 0.02578125 0.015625 0.0203125
1 0.3421875 0.0171875 0.01328125 0.02265625
1 0.31796875 0.00703125 0.0140625 0.0140625
1 0.2953125 0.00859375 0.01171875 0.01171875
1 0.88125 0.56796875 0.10703125 0.1890625