1 0.18671875 0.58046875 0.10625 0.17421875
1 0.38515625 0.10546875 0.02578125 0.0296875
1 0.35859375 0.06015625 0.0203125 0.02109375
1 0.2890625 0.20234375 0.0359375 0.059375
1 0.34609375 0.19140625 0.03125 0.05625
1 0.29296875 0.0859375 0.0203125 0.0296875
1 0.24140625 0.1609375 0.03359375 0.0453125
1 0.32890625 0.078125 0.02109375 0.02265625
1 0.29765625 0.04921875 0.01875 0.021875
1 0.48671875 0.6265625 0.06796875 0.190625
3 0.46875 0.3140625 0.07890625 0.13359375
1 0.34375 0.2875 0.05 0.15078125
2 0.28984375 0.259375 0.01796875 0.06796875
2 0.31171875 0.0859375 0.009375 0.04375
1 0.2875 0.13046875 0.0265625 0.053125
1 0.32421875 0.04453125 0.01484375 0.028125
1 0.25546875 0.3625 0.06640625 0.13046875
1 0.3515625 0.03203125 0.01796875 0.028125
1 0.34140625 0.0171875 0.0140625 0.0203125
1 0.3125 0.00390625 0.01640625 0.0078125
1 0.3390625 0.14375 0.028125 0.04375
1 0.3359375 0.109375 0.02578125 0.0296875
1 0.48828125 0.45625 0.06796875 0.1546875
1 0.2890625 0.67890625 0.0921875 0.2359375