1 0.49609375 0.58203125 0.07890625 0.17265625
1 0.03125 0.96328125 0.0625 0.0734375
1 0.2515625 0.78515625 0.11953125 0.2734375
1 0.228125 0.42578125 0.084375 0.11953125
1 0.1359375 0.6578125 0.11875 0.2234375
1 0.24140625 0.1609375 0.034375 0.0453125
1 0.4515625 0.30859375 0.04453125 0.08046875
1 0.36015625 0.05234375 0.02265625 0.040625
1 0.328125 0.090625 0.02421875 0.034375
1 0.41953125 0.21015625 0.0421875 0.06796875
0 0.33515625 0.27421875 0.07421875 0.23671875
1 0.3234375 0.0546875 0.02109375 0.02890625
3 0.29140625 0.13671875 0.04140625 0.07734375
1 0.38828125 0.14140625 0.02890625 0.0375
1 0.384375 0.10625 0.02578125 0.03203125
1 0.37265625 0.0734375 0.02109375 0.021875
1 0.371875 0.09765625 0.01640625 0.0296875
1 0.3171875 0.0203125 0.01484375 0.0171875
1 0.2921875 0.04609375 0.021875 0.05546875