1 0.16640625 0.56015625 0.10234375 0.153125
1 0.28203125 0.7234375 0.12421875 0.23359375
1 0.48125 0.40546875 0.06484375 0.12109375
1 0.525 0.83671875 0.09921875 0.3015625
1 0.28046875 0.2171875 0.04375 0.10703125
3 0.24765625 0.3515625 0.09296875 0.16796875
1 0.44921875 0.26484375 0.05234375 0.08125
1 0.3421875 0.3109375 0.0390625 0.08671875
1 0.3390625 0.18515625 0.03359375 0.075
1 0.3875 0.11875 0.028125 0.0515625
1 0.240625 0.16015625 0.03515625 0.053125
1 0.40625 0.1890625 0.034375 0.05546875
1 0.33125 0.0734375 0.02265625 0.0296875
1 0.29140625 0.07421875 0.01875 0.03671875
1 0.2890625 0.13125 0.025 0.0546875
1 0.37109375 0.08203125 0.03046875 0.05546875
1 0.08203125 0.846875 0.1640625 0.30546875
1 0.3203125 0.025 0.015625 0.021875
1 0.325 0.04921875 0.0140625 0.01875