1 0.31640625 0.4484375 0.065625 0.1375
1 0.2828125 0.18515625 0.04375 0.08828125
1 0.4609375 0.2765625 0.0453125 0.08828125
1 0.346875 0.2515625 0.0359375 0.07421875
1 0.47265625 0.396875 0.053125 0.109375
1 0.3296875 0.08359375 0.02421875 0.03125
1 0.24140625 0.1609375 0.04140625 0.05703125
1 0.42265625 0.2015625 0.034375 0.04140625
1 0.49375 0.55078125 0.05859375 0.1484375
1 0.3375 0.13359375 0.025 0.03984375
1 0.29375 0.06953125 0.02109375 0.028125
1 0.38203125 0.11640625 0.02734375 0.04296875
1 0.50703125 0.89609375 0.1109375 0.2078125
1 0.21953125 0.853125 0.1390625 0.29296875
1 0.40390625 0.1515625 0.03359375 0.05546875
1 0.36875 0.06328125 0.01796875 0.021875
1 0.32265625 0.053125 0.02421875 0.03828125
1 0.3515625 0.0296875 0.0171875 0.01875
1 0.3578125 0.04453125 0.01328125 0.025
1 0.3171875 0.0171875 0.0203125 0.025