1 0.33671875 0.41328125 0.05546875 0.1171875
1 0.24375 0.3796875 0.08125 0.13984375
1 0.4828125 0.4453125 0.0546875 0.125
1 0.46953125 0.29296875 0.0515625 0.0921875
1 0.34453125 0.1953125 0.03046875 0.05234375
1 0.23984375 0.1609375 0.0359375 0.05390625
1 0.428125 0.21484375 0.0390625 0.05703125
1 0.340625 0.121875 0.028125 0.03984375
1 0.2921875 0.1234375 0.02421875 0.0390625
1 0.3296875 0.08515625 0.02109375 0.03203125
1 0.32109375 0.03671875 0.01796875 0.0234375
1 0.38828125 0.125 0.03125 0.04140625
1 0.409375 0.16484375 0.03203125 0.05625
1 0.4984375 0.76796875 0.084375 0.2703125
1 0.2109375 0.8453125 0.15625 0.30859375
1 0.3546875 0.03359375 0.01640625 0.021875
1 0.36328125 0.06015625 0.01796875 0.021875
1 0.36953125 0.07421875 0.021875 0.03125
1 0.28984375 0.0328125 0.0296875 0.04453125