1 0.475 0.35625 0.05234375 0.096875
1 0.346875 0.35625 0.04609375 0.09140625
1 0.41328125 0.16953125 0.03515625 0.04609375
1 0.43203125 0.225 0.03984375 0.059375
1 0.24140625 0.159375 0.03515625 0.05078125
1 0.453125 0.28828125 0.04609375 0.0796875
1 0.3828125 0.1078125 0.028125 0.0375
1 0.3625 0.05234375 0.0203125 0.0203125
1 0.32734375 0.065625 0.021875 0.02109375
3 0.3421875 0.13515625 0.03984375 0.09453125
1 0.3421875 0.0109375 0.01640625 0.01875
1 0.49375 0.52421875 0.06875 0.19609375
1 0.19375 0.528125 0.10234375 0.15703125
1 0.228125 0.8578125 0.1546875 0.28359375