3 0.0953125 0.665625 0.18984375 0.66796875
1 0.25390625 0.8 0.12265625 0.32265625
1 0.30625 0.40625 0.0609375 0.109375
1 0.48359375 0.40625 0.0734375 0.15625
1 0.34453125 0.2265625 0.05703125 0.1234375
1 0.2921875 0.19765625 0.0375 0.06171875
1 0.24296875 0.1578125 0.03046875 0.06015625
1 0.3328125 0.084375 0.02578125 0.06015625
1 0.409375 0.165625 0.0390625 0.05078125
1 0.37734375 0.08515625 0.03125 0.05234375
1 0.3578125 0.0296875 0.02578125 0.05234375
1 0.32109375 0.03359375 0.025 0.028125
1 0.29453125 0.04375 0.021875 0.03515625