1 0.48125 0.4125 0.0546875 0.1140625
1 0.45859375 0.29765625 0.04453125 0.0796875
1 0.43515625 0.228125 0.0375 0.0640625
1 0.240625 0.1625 0.034375 0.0484375
1 0.32890625 0.09453125 0.02578125 0.04296875
1 0.4109375 0.1828125 0.03359375 0.0546875
1 0.3421875 0.1515625 0.025 0.0453125
1 0.35 0.0359375 0.02109375 0.02734375
1 0.3671875 0.0796875 0.02109375 0.03125
1 0.40234375 0.14375 0.03125 0.0234375
1 0.29140625 0.07734375 0.02265625 0.034375
1 0.315625 0.0203125 0.0140625 0.01875
1 0.29609375 0.0375 0.01953125 0.028125
1 0.50078125 0.603125 0.08671875 0.19453125
1 0.21328125 0.87890625 0.134375 0.2421875
1 0.39921875 0.1234375 0.0296875 0.05234375
1 0.3828125 0.1046875 0.02421875 0.03359375