1 0.4421875 0.24296875 0.03828125 0.059375
1 0.41640625 0.196875 0.0296875 0.05546875
1 0.04453125 0.8765625 0.0890625 0.246875
1 0.1890625 0.53515625 0.096875 0.14296875
1 0.26875 0.296875 0.046875 0.096875
1 0.234375 0.7578125 0.13125 0.29296875
1 0.25234375 0.4015625 0.07109375 0.11953125
1 0.240625 0.16015625 0.034375 0.05390625
1 0.35 0.21171875 0.03125 0.05703125
1 0.33984375 0.1609375 0.03203125 0.04296875
1 0.33671875 0.1140625 0.025 0.0390625
1 0.78125 0.80546875 0.1421875 0.28046875
1 0.33671875 0.41875 0.06328125 0.1546875
3 0.4703125 0.32578125 0.07578125 0.14375
1 0.4015625 0.16015625 0.0296875 0.046875
1 0.38515625 0.128125 0.0265625 0.040625
1 0.48515625 0.63125 0.07421875 0.1953125
1 0.48828125 0.4546875 0.06875 0.1484375
1 0.365625 0.0625 0.01953125 0.0359375
1 0.35234375 0.278125 0.04140625 0.07890625
0 0.32265625 0.05078125 0.03515625 0.08046875
1 0.34921875 0.040625 0.01640625 0.0234375
1 0.34609375 0.01953125 0.01328125 0.01953125
1 0.2921875 0.02421875 0.01484375 0.0234375
1 0.93046875 0.45625 0.09140625 0.13515625