1 0.0640625 0.88359375 0.1265625 0.21875
1 0.3734375 0.0921875 0.021875 0.02265625
1 0.40546875 0.15390625 0.03125 0.04921875
1 0.290625 0.12890625 0.025 0.04140625
1 0.2984375 0.08671875 0.02109375 0.03046875
1 0.31796875 0.01953125 0.01328125 0.021875
1 0.240625 0.16015625 0.03359375 0.05390625
1 0.33359375 0.1015625 0.021875 0.0296875
1 0.3265625 0.06171875 0.01875 0.02109375
1 0.34375 0.16796875 0.02734375 0.05390625
1 0.3515625 0.23984375 0.03515625 0.06171875
1 0.3265625 0.40234375 0.07734375 0.20546875
1 0.48515625 0.63046875 0.065625 0.18984375
1 0.4890625 0.45546875 0.06328125 0.1515625
3 0.47265625 0.32421875 0.06875 0.1515625
1 0.27421875 0.27421875 0.04921875 0.08828125
2 0.25703125 0.36015625 0.0375 0.08828125
2 0.31484375 0.15546875 0.01015625 0.05390625
1 0.284375 0.190625 0.03359375 0.06953125
1 0.36171875 0.06640625 0.021875 0.03125
1 0.35 0.0359375 0.0203125 0.0296875
1 0.340625 0.01328125 0.0125 0.0234375
1 0.19453125 0.53046875 0.0984375 0.18671875