1 0.33125 0.3546875 0.046875 0.09921875
1 0.22109375 0.44765625 0.0796875 0.165625
1 0.27109375 0.29921875 0.04765625 0.075
1 0.3375 0.11796875 0.0265625 0.03828125
1 0.24140625 0.16171875 0.034375 0.04765625
1 0.4921875 0.55625 0.07421875 0.225
1 0.346875 0.02265625 0.01640625 0.015625
1 0.2953125 0.10078125 0.02578125 0.03515625
1 0.26015625 0.8015625 0.12265625 0.29453125
1 0.0875 0.7703125 0.175 0.44453125
1 0.2953125 0.01953125 0.0171875 0.03203125
1 0.3140625 0.00859375 0.01484375 0.01640625
1 0.3359375 0.00859375 0.01484375 0.01640625