1 0.278125 0.5359375 0.0828125 0.18046875
1 0.325 0.33359375 0.053125 0.1046875
1 0.3390625 0.1875 0.03984375 0.05703125
1 0.41796875 0.17890625 0.04765625 0.05859375
1 0.384375 0.1109375 0.0296875 0.04296875
1 0.3359375 0.11328125 0.0296875 0.04765625
1 0.2921875 0.134375 0.03046875 0.07421875
1 0.24140625 0.1578125 0.03125 0.06640625
1 0.29453125 0.06875 0.0203125 0.0265625
1 0.32578125 0.046875 0.015625 0.02421875
1 0.35234375 0.03203125 0.0171875 0.02578125
1 0.29453125 0.0375 0.0203125 0.02578125
1 0.32421875 0.02734375 0.0171875 0.01953125
1 0.3171875 0.00703125 0.015625 0.0140625