1 0.46875 0.3203125 0.04609375 0.0828125
1 0.33515625 0.378125 0.04921875 0.096875
1 0.0578125 0.8703125 0.1125 0.24765625
1 0.3453125 0.22265625 0.034375 0.06328125
1 0.4078125 0.165625 0.03125 0.0484375
1 0.33203125 0.071875 0.02265625 0.03203125
1 0.240625 0.16171875 0.034375 0.04921875
1 0.3734375 0.08125 0.025 0.03359375
1 0.296875 0.13203125 0.0265625 0.04453125
1 0.26796875 0.62890625 0.1078125 0.21171875
1 0.51484375 0.6015625 0.08125 0.19453125
1 0.29140625 0.0640625 0.02109375 0.04765625