1 0.46953125 0.34921875 0.05 0.09296875
1 0.346875 0.31015625 0.0421875 0.08671875
1 0.409375 0.165625 0.03203125 0.04765625
1 0.4484375 0.26015625 0.04453125 0.07265625
1 0.38828125 0.11640625 0.025 0.02109375
1 0.23984375 0.1625 0.034375 0.0484375
1 0.3265625 0.0609375 0.01875 0.02578125
3 0.2 0.69296875 0.346875 0.60703125
1 0.321875 0.03359375 0.01796875 0.02734375
1 0.3421875 0.0140625 0.015625 0.0171875
1 0.4296875 0.2109375 0.0359375 0.05703125
1 0.3609375 0.059375 0.02109375 0.03125
1 0.37265625 0.09140625 0.01640625 0.02109375
1 0.48984375 0.46953125 0.065625 0.140625
1 0.5015625 0.72109375 0.08828125 0.2765625
1 0.765625 0.83671875 0.134375 0.3265625
1 0.29140625 0.028125 0.02265625 0.03125