1 0.4796875 0.38046875 0.05078125 0.09609375
1 0.434375 0.2296875 0.0390625 0.06015625
1 0.240625 0.159375 0.0328125 0.05390625
1 0.45625 0.2953125 0.046875 0.08203125
3 0.34375 0.19609375 0.053125 0.13515625
1 0.39453125 0.13046875 0.03046875 0.046875
1 0.36875 0.06875 0.01875 0.02578125
1 0.41796875 0.18203125 0.03046875 0.0453125
1 0.3328125 0.1046875 0.02578125 0.0390625
1 0.3671875 0.059375 0.02265625 0.03203125
1 0.34765625 0.03125 0.02421875 0.025
1 0.3015625 0.603125 0.08046875 0.18828125
1 0.49453125 0.56328125 0.0828125 0.20078125
1 0.0328125 0.93984375 0.065625 0.1203125
1 0.31796875 0.01328125 0.0109375 0.02578125