1 0.42109375 0.1984375 0.0328125 0.05859375
1 0.38828125 0.11640625 0.021875 0.03671875
1 0.275 0.2484375 0.03515625 0.08046875
1 0.28515625 0.16953125 0.028125 0.05
1 0.31796875 0.03203125 0.0171875 0.04140625
1 0.34609375 0.215625 0.025 0.06484375
1 0.296875 0.11953125 0.02109375 0.03828125
1 0.240625 0.16015625 0.034375 0.05390625
1 0.334375 0.10390625 0.02421875 0.0296875
1 0.328125 0.07734375 0.01796875 0.0296875
1 0.34375 0.02421875 0.01875 0.01875
1 0.353125 0.30078125 0.0375 0.08515625
1 0.1265625 0.68515625 0.1234375 0.234375
1 0.27890625 0.59375 0.08359375 0.29140625
2 0.21328125 0.48125 0.03984375 0.1015625
1 0.24921875 0.37109375 0.0578125 0.109375
1 0.340625 0.1453125 0.03046875 0.03984375
3 0.46875 0.321875 0.07109375 0.134375
0 0.83203125 0.5765625 0.1671875 0.32421875
2 0.31484375 0.23515625 0.0203125 0.0625
1 0.37109375 0.08125 0.01875 0.03046875
1 0.3578125 0.059375 0.0203125 0.0234375
1 0.4875 0.628125 0.07421875 0.1953125
1 0.48828125 0.4546875 0.06875 0.1484375