1 0.47734375 0.3671875 0.05234375 0.0953125
1 0.4328125 0.22890625 0.03828125 0.0609375
1 0.240625 0.1625 0.03515625 0.05
1 0.45546875 0.29140625 0.0484375 0.0828125
1 0.3890625 0.12109375 0.0296875 0.040625
1 0.4171875 0.18203125 0.03359375 0.0453125
1 0.36640625 0.065625 0.01796875 0.02265625
3 0.34296875 0.16640625 0.04921875 0.125
1 0.4171875 0.19296875 0.03125 0.02890625
1 0.32734375 0.09140625 0.0203125 0.0296875
1 0.32578125 0.4875 0.0703125 0.16328125
1 0.49140625 0.559375 0.0734375 0.17109375
1 0.0796875 0.79765625 0.15546875 0.28984375
1 0.315625 0.01015625 0.0171875 0.0203125
1 0.34609375 0.02421875 0.015625 0.0296875
1 0.35390625 0.0453125 0.01640625 0.0203125