1 0.42734375 0.2125 0.03828125 0.059375
1 0.39453125 0.13828125 0.0234375 0.03203125
1 0.26328125 0.3125 0.05234375 0.10546875
1 0.27890625 0.209375 0.03515625 0.059375
1 0.31015625 0.0578125 0.0171875 0.04140625
1 0.346875 0.24921875 0.0328125 0.0796875
1 0.296875 0.14921875 0.02578125 0.05234375
1 0.240625 0.16015625 0.034375 0.05390625
1 0.3359375 0.11484375 0.02421875 0.0296875
1 0.3296875 0.0859375 0.01796875 0.0296875
1 0.3484375 0.0375 0.01640625 0.0234375
1 0.3484375 0.36875 0.046875 0.10390625
1 0.03828125 0.93046875 0.0765625 0.1390625
1 0.2046875 0.84609375 0.16875 0.30703125
2 0.153125 0.63359375 0.0453125 0.128125
1 0.2234375 0.4640625 0.08203125 0.14375
1 0.34375 0.1859375 0.03046875 0.03984375
3 0.4703125 0.32578125 0.07578125 0.14375
0 0.78203125 0.7015625 0.3140625 0.596875
2 0.30625 0.325 0.01953125 0.07109375
1 0.37578125 0.09609375 0.01875 0.03046875
1 0.3640625 0.07578125 0.0203125 0.0234375
1 0.4875 0.628125 0.07421875 0.1953125
1 0.48828125 0.4546875 0.06875 0.1484375
1 0.33984375 0.00625 0.0140625 0.0125
1 0.33984375 0.14921875 0.02578125 0.028125