1 0.31796875 0.55859375 0.07421875 0.16640625
1 0.21953125 0.4921875 0.0859375 0.13984375
1 0.3765625 0.08671875 0.025 0.02890625
1 0.3546875 0.04765625 0.015625 0.02109375
1 0.240625 0.16015625 0.03359375 0.05234375
1 0.28984375 0.1109375 0.025 0.0453125
1 0.290625 0.17890625 0.0328125 0.04765625
1 0.2953125 0.06796875 0.01953125 0.0296875
1 0.328125 0.0671875 0.01953125 0.02109375
1 0.4859375 0.6328125 0.07734375 0.21015625
1 0.48515625 0.45390625 0.07578125 0.1546875
3 0.46484375 0.30703125 0.07890625 0.1421875
1 0.34609375 0.2546875 0.04921875 0.1359375
1 0.2703125 0.31640625 0.05390625 0.1203125
1 0.01875 0.94921875 0.0375 0.0984375
2 0.29375 0.2234375 0.015625 0.05625
2 0.3109375 0.06640625 0.009375 0.0375
1 0.2953125 0.03515625 0.01328125 0.03046875
1 0.32109375 0.034375 0.01640625 0.02265625
1 0.346875 0.02421875 0.01484375 0.01796875
1 0.3375 0.00859375 0.0140625 0.01640625
1 0.33984375 0.1328125 0.025 0.03828125
1 0.34453125 0.171875 0.0265625 0.03828125
1 0.33359375 0.09921875 0.02578125 0.02734375