1 0.3421875 0.3671875 0.04609375 0.09765625
1 0.48203125 0.34140625 0.0515625 0.11796875
1 0.2734375 0.2953125 0.04765625 0.075
1 0.44453125 0.2515625 0.0421875 0.06640625
1 0.34453125 0.1609375 0.02890625 0.0390625
1 0.32734375 0.07890625 0.0265625 0.04296875
1 0.24140625 0.1625 0.03515625 0.05
1 0.35078125 0.2296875 0.034375 0.07421875
1 0.4203125 0.19140625 0.034375 0.0625
1 0.3953125 0.1375 0.034375 0.059375
1 0.28984375 0.0984375 0.025 0.0328125
1 0.29453125 0.06640625 0.01953125 0.0234375
1 0.50859375 0.6765625 0.084375 0.2515625
1 0.225 0.890625 0.12265625 0.21875
1 0.29453125 0.021875 0.01796875 0.028125
1 0.31796875 0.01953125 0.01796875 0.03203125
1 0.3578125 0.046875 0.01171875 0.015625
1 0.3671875 0.06328125 0.0125 0.01953125
1 0.37578125 0.08046875 0.01640625 0.01875
1 0.38515625 0.10078125 0.0203125 0.0203125