1 0.3 0.5296875 0.0765625 0.165625
1 0.28046875 0.21875 0.04375 0.09140625
1 0.47421875 0.4015625 0.05234375 0.1109375
1 0.46328125 0.2828125 0.0453125 0.090625
1 0.34296875 0.28359375 0.0390625 0.0796875
1 0.33828125 0.14453125 0.02578125 0.0453125
1 0.33359375 0.0921875 0.021875 0.03046875
1 0.23984375 0.16171875 0.034375 0.0484375
1 0.421875 0.20078125 0.03828125 0.05859375
1 0.29375 0.07890625 0.02109375 0.03046875
1 0.3828125 0.11640625 0.02890625 0.04453125
1 0.49375 0.571875 0.0703125 0.16796875
1 0.503125 0.9359375 0.1171875 0.128125
1 0.1828125 0.9421875 0.13515625 0.115625
1 0.40390625 0.1546875 0.03125 0.05234375
1 0.32578125 0.0578125 0.01640625 0.03515625
1 0.35 0.03125 0.01484375 0.0234375
1 0.37109375 0.06640625 0.01796875 0.03125
1 0.31953125 0.01640625 0.02109375 0.03203125
1 0.290625 0.0171875 0.02265625 0.03359375