1 0.484375 0.59375 0.078125 0.20546875
1 0.48203125 0.4109375 0.0625 0.153125
1 0.2671875 0.67421875 0.14140625 0.32109375
1 0.071875 0.81875 0.14296875 0.32890625
1 0.2234375 0.42890625 0.0625 0.1328125
1 0.3375 0.39453125 0.05546875 0.125
1 0.35 0.26953125 0.05234375 0.07265625
3 0.440625 0.23046875 0.06796875 0.14375
1 0.28515625 0.24453125 0.04765625 0.07890625
1 0.2875 0.16328125 0.040625 0.06171875
1 0.23984375 0.15703125 0.0359375 0.05234375
2 0.29765625 0.1046875 0.02421875 0.03984375
1 0.33984375 0.16015625 0.03515625 0.09140625
1 0.3375 0.10078125 0.021875 0.028125
1 0.32890625 0.071875 0.01953125 0.028125
1 0.29296875 0.0609375 0.02109375 0.02890625
1 0.321875 0.0453125 0.01953125 0.0234375
1 0.34375 0.01640625 0.01484375 0.02109375
1 0.32109375 0.0234375 0.015625 0.01640625
1 0.28984375 0.02734375 0.0125 0.02578125
1 0.3171875 0.00859375 0.01328125 0.01640625
2 0.30625 0.0046875 0.00625 0.009375