1 0.33046875 0.37734375 0.05234375 0.10703125
1 0.4765625 0.38984375 0.05234375 0.11796875
1 0.3375 0.28203125 0.04140625 0.07578125
1 0.28671875 0.22890625 0.03359375 0.06015625
1 0.32734375 0.0734375 0.01953125 0.0234375
1 0.421875 0.20234375 0.03984375 0.06015625
1 0.35390625 0.03125 0.015625 0.021875
1 0.3359375 0.16796875 0.02890625 0.046875
1 0.3296875 0.11015625 0.025 0.03828125
1 0.3796875 0.10625 0.02734375 0.03984375
1 0.3640625 0.0703125 0.02109375 0.02734375
1 0.23984375 0.16015625 0.0328125 0.0546875
1 0.29375 0.1625 0.02890625 0.04296875
1 0.3234375 0.03828125 0.0171875 0.0171875
1 0.29453125 0.075 0.02265625 0.0265625
1 0.2953125 0.046875 0.021875 0.0171875
1 0.31796875 0.01484375 0.0140625 0.0171875
0 0.1046875 0.74453125 0.209375 0.5109375