1 0.30625 0.48828125 0.07578125 0.153125
1 0.46953125 0.34921875 0.0640625 0.11875
1 0.43359375 0.21328125 0.04609375 0.07109375
1 0.34453125 0.2796875 0.053125 0.1015625
1 0.278125 0.27109375 0.05625 0.125
1 0.24140625 0.159375 0.0375 0.07578125
1 0.2953125 0.13046875 0.02421875 0.04765625
1 0.33671875 0.10625 0.02578125 0.04296875
1 0.3796875 0.09375 0.02578125 0.04609375
1 0.3328125 0.07265625 0.0203125 0.04296875
1 0.29453125 0.0796875 0.01875 0.04140625
1 0.321875 0.03359375 0.021875 0.03984375
1 0.3515625 0.0265625 0.01875 0.03984375