1 0.32421875 0.46015625 0.0609375 0.1375
1 0.4765625 0.378125 0.05078125 0.1015625
1 0.4921875 0.4984375 0.06328125 0.1390625
1 0.45390625 0.27578125 0.046875 0.07578125
1 0.3328125 0.09140625 0.02109375 0.03125
1 0.240625 0.1625 0.034375 0.04765625
1 0.3921875 0.12109375 0.028125 0.0359375
1 0.36484375 0.07265625 0.021875 0.0328125
1 0.32421875 0.0578125 0.0203125 0.02890625
1 0.4109375 0.1703125 0.03125 0.0453125
1 0.43125 0.23046875 0.0328125 0.0359375
1 0.34609375 0.0203125 0.01953125 0.02265625
1 0.37578125 0.09609375 0.01875 0.03203125
1 0.28984375 0.0453125 0.0296875 0.03515625
1 0.29375 0.01484375 0.01640625 0.0234375
1 0.3109375 0.0109375 0.01328125 0.02109375
1 0.51171875 0.871875 0.115625 0.25625
3 0.17734375 0.83125 0.2421875 0.3375