1 0.31875 0.36171875 0.04921875 0.09453125
1 0.453125 0.29765625 0.04609375 0.084375
1 0.48046875 0.40078125 0.046875 0.0984375
1 0.89140625 0.4984375 0.11484375 0.1546875
1 0.34765625 0.1671875 0.0296875 0.05
1 0.28203125 0.22265625 0.0359375 0.0625
1 0.23984375 0.1609375 0.0359375 0.05625
1 0.340625 0.11875 0.025 0.0296875
1 0.42421875 0.1890625 0.034375 0.0609375
1 0.284375 0.1453125 0.02890625 0.040625
1 0.4 0.14609375 0.028125 0.0328125
1 0.31796875 0.025 0.015625 0.0171875
1 0.38125 0.10625 0.02578125 0.0390625
1 0.35859375 0.04921875 0.01875 0.01953125
1 0.35234375 0.025 0.0171875 0.01484375
1 0.33046875 0.07734375 0.021875 0.02421875
1 0.49296875 0.57890625 0.07265625 0.18828125
1 0.153125 0.625 0.1171875 0.246875
2 0.2953125 0.26640625 0.01875 0.07890625
1 0.32421875 0.05390625 0.021875 0.03359375
1 0.36640625 0.0796875 0.0234375 0.03828125
1 0.34375 0.0078125 0.0171875 0.015625
1 0.31484375 0.00703125 0.01796875 0.0140625