1 0.23984375 0.8359375 0.1140625 0.28828125
1 0.1125 0.74140625 0.146875 0.2546875
1 0.303125 0.51796875 0.1046875 0.29140625
1 0.50546875 0.67578125 0.1015625 0.265625
1 0.4796875 0.40234375 0.0703125 0.1125
1 0.44609375 0.26875 0.05703125 0.0984375
1 0.3421875 0.34296875 0.06796875 0.1171875
1 0.34921875 0.2265625 0.0453125 0.05859375
1 0.27734375 0.253125 0.053125 0.0984375
1 0.28984375 0.13515625 0.0265625 0.04765625
1 0.240625 0.16015625 0.034375 0.07109375
1 0.34140625 0.14296875 0.03046875 0.05390625
1 0.32578125 0.03359375 0.02578125 0.04921875
1 0.29453125 0.04921875 0.015625 0.028125
1 0.90625 0.51015625 0.07109375 0.16171875
3 0.4234375 0.1734375 0.0609375 0.115625
2 0.30390625 0.18203125 0.02265625 0.06484375