1 0.159375 0.60625 0.115625 0.18671875
1 0.21484375 0.9578125 0.13671875 0.084375
1 0.50703125 0.584375 0.0828125 0.1921875
1 0.278125 0.246875 0.04921875 0.1125
3 0.2265625 0.39609375 0.09296875 0.16796875
1 0.4765625 0.34765625 0.06171875 0.10703125
1 0.328125 0.41015625 0.0546875 0.11484375
1 0.34453125 0.2390625 0.0359375 0.08125
1 0.39921875 0.1453125 0.028125 0.0515625
1 0.240625 0.16015625 0.03515625 0.053125
1 0.4234375 0.23671875 0.04375 0.06796875
1 0.3328125 0.096875 0.02265625 0.0296875
1 0.2921875 0.09453125 0.01875 0.03671875
1 0.2890625 0.1546875 0.025 0.0546875
1 0.378125 0.0953125 0.03046875 0.05546875
1 0.0515625 0.90390625 0.103125 0.19140625
1 0.32265625 0.0359375 0.015625 0.021875
1 0.32578125 0.0609375 0.0140625 0.01875