1 0.3140625 0.4640625 0.065625 0.159375
1 0.4859375 0.4234375 0.05390625 0.1125
1 0.2515625 0.37265625 0.06015625 0.10546875
1 0.4609375 0.3078125 0.04453125 0.07578125
1 0.43203125 0.2265625 0.03828125 0.0640625
1 0.2953125 0.18125 0.0359375 0.06640625
1 0.32578125 0.128125 0.02578125 0.0359375
1 0.23984375 0.16171875 0.03515625 0.053125
1 0.409375 0.1515625 0.03203125 0.04609375
1 0.325 0.0703125 0.0203125 0.021875
1 0.35234375 0.0296875 0.0171875 0.01953125
1 0.359375 0.06328125 0.0234375 0.03828125
1 0.37734375 0.0953125 0.03046875 0.03359375
1 0.51640625 0.890625 0.10390625 0.21875
1 0.2890625 0.09375 0.0296875 0.03828125
1 0.2875 0.06015625 0.01875 0.03359375
2 0.3078125 0.0703125 0.009375 0.04453125
1 0.32265625 0.03828125 0.02421875 0.03125
1 0.31484375 0.0140625 0.01015625 0.015625