1 0.328125 0.31640625 0.04296875 0.08515625
1 0.47890625 0.39296875 0.04609375 0.1015625
1 0.45234375 0.28828125 0.04765625 0.084375
1 0.42109375 0.18515625 0.034375 0.05625
1 0.3453125 0.15234375 0.0265625 0.04453125
1 0.23984375 0.1609375 0.034375 0.0546875
1 0.28359375 0.1984375 0.03125 0.04921875
1 0.3359375 0.1078125 0.02265625 0.025
1 0.2890625 0.1359375 0.02578125 0.0359375
1 0.3953125 0.1390625 0.0265625 0.03828125
1 0.3515625 0.021875 0.015625 0.0171875
1 0.3796875 0.10546875 0.025 0.03671875
1 0.9109375 0.4515625 0.08359375 0.15625
1 0.1890625 0.51875 0.0921875 0.221875
2 0.3046875 0.225 0.01875 0.06171875
1 0.31796875 0.01640625 0.01484375 0.028125
1 0.35859375 0.04453125 0.01796875 0.0234375
1 0.3671875 0.07421875 0.02265625 0.03671875
1 0.3296875 0.06484375 0.02109375 0.02578125
1 0.32109375 0.0453125 0.0203125 0.0234375
1 0.49296875 0.56328125 0.07109375 0.171875
1 0.3421875 0.00625 0.0125 0.0109375