1 0.18125 0.50234375 0.075 0.13046875
1 0.06953125 0.7546875 0.02578125 0.0953125
1 0.24140625 0.1609375 0.034375 0.0453125
1 0.496875 0.94296875 0.07421875 0.1140625
1 0.36640625 0.05859375 0.02265625 0.040625
1 0.3390625 0.196875 0.03125 0.05703125
1 0.4828125 0.421875 0.05703125 0.1
0 0.2140625 0.8203125 0.14609375 0.359375
1 0.33203125 0.11953125 0.02890625 0.05234375
3 0.26640625 0.2953125 0.06875 0.1375
1 0.43671875 0.2546875 0.0390625 0.05546875
1 0.41015625 0.17890625 0.03984375 0.0578125
1 0.375 0.08828125 0.02109375 0.021875
1 0.3859375 0.13125 0.028125 0.0390625
1 0.32734375 0.05 0.021875 0.0265625
1 0.28828125 0.16328125 0.03828125 0.096875
1 0.3453125 0.37421875 0.05234375 0.10078125
1 0.29140625 0.071875 0.02421875 0.046875
1 0.31640625 0.00625 0.0140625 0.0125
1 0.31953125 0.0203125 0.01640625 0.01484375
1 0.29140625 0.02421875 0.01484375 0.0296875