1 0.4640625 0.31875 0.05078125 0.0921875
1 0.40859375 0.1609375 0.03515625 0.05390625
1 0.290625 0.18359375 0.03046875 0.0484375
1 0.37265625 0.08828125 0.02265625 0.02578125
1 0.3421875 0.2703125 0.040625 0.07890625
1 0.328125 0.08515625 0.02578125 0.03359375
1 0.23984375 0.1609375 0.03515625 0.0546875
1 0.334375 0.134375 0.025 0.0375
1 0.35625 0.05 0.01875 0.025
1 0.3375 0.2078125 0.03359375 0.05859375
1 0.29375 0.12890625 0.025 0.03671875
1 0.34765625 0.021875 0.015625 0.01796875
1 0.2921875 0.05 0.0234375 0.02890625
1 0.32421875 0.0515625 0.01640625 0.0171875
0 0.134375 0.66015625 0.265625 0.67890625
1 0.32109375 0.021875 0.01875 0.025
1 0.29375 0.02578125 0.01796875 0.0171875