3 0.103125 0.7484375 0.20546875 0.503125
3 0.37265625 0.06640625 0.04453125 0.05546875
1 0.28046875 0.30078125 0.05234375 0.0953125
1 0.334375 0.359375 0.0734375 0.21328125
1 0.28203125 0.6171875 0.075 0.18203125
1 0.496875 0.521875 0.0734375 0.19765625
1 0.82421875 0.78359375 0.1171875 0.278125
1 0.4421875 0.24375 0.05234375 0.07421875
1 0.39765625 0.13125 0.040625 0.06484375
1 0.34140625 0.15078125 0.04375 0.06953125
1 0.23984375 0.16171875 0.025 0.06484375
1 0.29453125 0.09375 0.0359375 0.04921875
1 0.32734375 0.06796875 0.0234375 0.03984375
2 0.29609375 0.05390625 0.02109375 0.028125
1 0.3234375 0.0296875 0.01484375 0.03125
1 0.2890625 0.03046875 0.015625 0.0234375