1 0.465625 0.3203125 0.04609375 0.0828125
1 0.33203125 0.14140625 0.03203125 0.04296875
1 0.4421875 0.24453125 0.0375 0.06328125
1 0.240625 0.1609375 0.03515625 0.04921875
1 0.34375 0.22421875 0.0328125 0.059375
1 0.41484375 0.19140625 0.034375 0.05859375
1 0.31640625 0.03671875 0.01640625 0.01875
1 0.36953125 0.08203125 0.02109375 0.03828125
1 0.290625 0.1203125 0.02265625 0.0234375
1 0.35390625 0.04375 0.01953125 0.02890625
1 0.40390625 0.14609375 0.02890625 0.0265625
1 0.296875 0.0625 0.0234375 0.02734375
1 0.48828125 0.46015625 0.06171875 0.1328125
1 0.51796875 0.83046875 0.1046875 0.3390625
1 0.384375 0.115625 0.0234375 0.025
1 0.31953125 0.0125 0.015625 0.021875
1 0.29140625 0.0203125 0.01640625 0.03125
1 0.340625 0.009375 0.015625 0.01875