1 0.3234375 0.38359375 0.053125 0.1015625
1 0.43125 0.2265625 0.0421875 0.07109375
1 0.2921875 0.25859375 0.04375 0.06484375
3 0.2875 0.084375 0.04375 0.10234375
1 0.2390625 0.16015625 0.03359375 0.05234375
1 0.34609375 0.015625 0.0171875 0.0203125
1 0.36171875 0.059375 0.01875 0.03125
1 0.21328125 0.8171875 0.11875 0.32265625
1 0.0765625 0.77578125 0.121875 0.28828125
1 0.3203125 0.0296875 0.0125 0.025
1 0.2921875 0.02734375 0.01015625 0.0140625
1 0.309375 0.01953125 0.01484375 0.0203125
1 0.315625 0.00703125 0.01640625 0.0140625