1 0.43203125 0.21875 0.03828125 0.059375
1 0.39765625 0.146875 0.0265625 0.04375
1 0.25546875 0.3328125 0.05234375 0.10546875
1 0.27734375 0.228125 0.03828125 0.06796875
1 0.31015625 0.0578125 0.0171875 0.04140625
1 0.346875 0.24921875 0.0328125 0.0796875
1 0.296875 0.1609375 0.02578125 0.05234375
1 0.240625 0.16015625 0.034375 0.05390625
1 0.3375 0.121875 0.02421875 0.0296875
1 0.33203125 0.0921875 0.01796875 0.0296875
1 0.3484375 0.0375 0.01640625 0.0234375
1 0.34453125 0.39375 0.046875 0.10390625
1 0.1796875 0.88046875 0.19453125 0.2390625
2 0.13046875 0.6984375 0.0453125 0.128125
1 0.20625 0.5078125 0.08203125 0.14375
1 0.34375 0.1859375 0.03046875 0.03984375
3 0.4703125 0.32578125 0.07578125 0.14375
0 0.78203125 0.7015625 0.3140625 0.596875
2 0.29921875 0.37734375 0.02265625 0.0890625
1 0.38125 0.10625 0.02421875 0.03828125
1 0.365625 0.078125 0.02109375 0.03046875
1 0.4875 0.628125 0.07421875 0.1953125
1 0.48828125 0.4546875 0.06875 0.1484375
1 0.33984375 0.00625 0.0140625 0.0125
1 0.33984375 0.14921875 0.02578125 0.028125