1 0.4421875 0.24296875 0.03828125 0.059375
1 0.41328125 0.1890625 0.0296875 0.05546875
1 0.13984375 0.621875 0.1171875 0.209375
1 0.23203125 0.40390625 0.05859375 0.103125
1 0.28671875 0.2 0.02890625 0.071875
1 0.321875 0.43125 0.0671875 0.14921875
1 0.275 0.3140625 0.04453125 0.09140625
1 0.240625 0.16015625 0.034375 0.05390625
1 0.34375 0.15703125 0.0296875 0.03984375
1 0.33671875 0.13046875 0.02421875 0.03203125
1 0.34921875 0.08046875 0.0171875 0.03203125
1 0.23828125 0.8640625 0.1234375 0.271875
1 0.04140625 0.93515625 0.08203125 0.128125
1 0.35 0.29609375 0.040625 0.109375
3 0.4703125 0.32578125 0.07578125 0.14375
1 0.3984375 0.15 0.0296875 0.046875
1 0.3796875 0.1171875 0.0265625 0.040625
1 0.4875 0.628125 0.07421875 0.1953125
1 0.48828125 0.4546875 0.06875 0.1484375
1 0.35390625 0.03515625 0.0171875 0.028125
1 0.3484375 0.2109375 0.03046875 0.059375
0 0.31875 0.03046875 0.02734375 0.0609375
1 0.34140625 0.0203125 0.0140625 0.01796875
1 0.7859375 0.92890625 0.1296875 0.1421875