1 0.48203125 0.42265625 0.05625 0.11328125
1 0.19375 0.95625 0.12109375 0.0875
1 0.04921875 0.92578125 0.09765625 0.1484375
1 0.31953125 0.484375 0.06875 0.13203125
1 0.24375 0.36796875 0.0671875 0.10234375
1 0.1671875 0.615625 0.11796875 0.215625
1 0.24140625 0.1609375 0.034375 0.0453125
1 0.43671875 0.25234375 0.03515625 0.06015625
1 0.3578125 0.04296875 0.02265625 0.040625
1 0.325 0.075 0.02421875 0.034375
3 0.484375 0.8140625 0.15078125 0.37109375
1 0.409375 0.18515625 0.034375 0.04609375
0 0.340625 0.19921875 0.06171875 0.1671875
1 0.32109375 0.03984375 0.0203125 0.02265625
3 0.29296875 0.0953125 0.03515625 0.06796875
1 0.38828125 0.14140625 0.02890625 0.0375
1 0.384375 0.10625 0.02578125 0.03203125
1 0.37265625 0.0734375 0.02109375 0.021875
1 0.371875 0.09765625 0.01640625 0.0296875
1 0.31484375 0.00859375 0.01484375 0.0171875
1 0.2921875 0.0203125 0.0171875 0.040625