1 0.4421875 0.24296875 0.03828125 0.059375
1 0.4171875 0.2015625 0.0296875 0.05546875
1 0.1265625 0.70078125 0.12421875 0.2125
1 0.25546875 0.340625 0.053125 0.11171875
1 0.228125 0.46328125 0.07578125 0.12890625
1 0.240625 0.16015625 0.034375 0.05390625
1 0.35546875 0.2609375 0.0375 0.078125
1 0.34296875 0.19609375 0.0296875 0.05078125
1 0.33671875 0.14453125 0.025 0.0453125
1 0.28515625 0.65625 0.1078125 0.253125
3 0.4703125 0.32578125 0.07578125 0.14375
1 0.403125 0.16875 0.0296875 0.046875
1 0.3890625 0.13828125 0.0265625 0.040625
1 0.48515625 0.63125 0.07421875 0.1953125
1 0.48828125 0.4546875 0.06875 0.1484375
1 0.37734375 0.09140625 0.02109375 0.040625
1 0.3421875 0.3640625 0.05234375 0.10234375
0 0.32421875 0.0625 0.03828125 0.09375
1 0.35859375 0.06328125 0.01953125 0.03046875
1 0.353125 0.034375 0.0203125 0.03046875
1 0.290625 0.0578125 0.01875 0.03125
1 0.7859375 0.75546875 0.14765625 0.27109375
1 0.31484375 0.01015625 0.0140625 0.015625