1 0.1875 0.534375 0.0796875 0.13984375
1 0.32109375 0.39375 0.05546875 0.109375
1 0.3484375 0.2671875 0.03828125 0.071875
1 0.3421875 0.16640625 0.03203125 0.05
1 0.45390625 0.26484375 0.04375 0.07265625
1 0.3890625 0.13125 0.028125 0.040625
1 0.240625 0.1625 0.03515625 0.05
1 0.3640625 0.06640625 0.0203125 0.0234375
1 0.2953125 0.09375 0.02421875 0.040625
1 0.29140625 0.04921875 0.01953125 0.02265625
1 0.32421875 0.05 0.01953125 0.0265625
1 0.49921875 0.471875 0.06796875 0.1421875
1 0.209375 0.825 0.13359375 0.29140625