1 0.50546875 0.6828125 0.09453125 0.2703125
1 0.29609375 0.56953125 0.1171875 0.33671875
1 0.2078125 0.95625 0.13125 0.0875
1 0.04453125 0.9203125 0.0890625 0.15859375
1 0.24765625 0.359375 0.06484375 0.1546875
1 0.2828125 0.1984375 0.0328125 0.06328125
1 0.459375 0.3109375 0.0671875 0.10625
1 0.4828125 0.43515625 0.06015625 0.1328125
1 0.334375 0.36015625 0.053125 0.134375
1 0.34609375 0.27578125 0.04140625 0.07890625
1 0.346875 0.203125 0.03046875 0.07578125
1 0.32890625 0.06796875 0.0234375 0.05546875
1 0.23984375 0.1578125 0.034375 0.06640625
1 0.29375 0.1 0.028125 0.04296875
1 0.29140625 0.04921875 0.021875 0.03671875
1 0.325 0.03125 0.01875 0.025
2 0.3 0.278125 0.021875 0.07109375
3 0.42890625 0.18359375 0.06015625 0.1328125
1 0.31796875 0.01328125 0.0203125 0.02578125
2 0.29375 0.0140625 0.01015625 0.028125