1 0.3234375 0.44765625 0.0578125 0.1265625
1 0.48125 0.37578125 0.05390625 0.1140625
1 0.4296875 0.25546875 0.0484375 0.0703125
1 0.40546875 0.15390625 0.03203125 0.05078125
1 0.275 0.24921875 0.05234375 0.12109375
1 0.346875 0.25859375 0.0390625 0.0734375
3 0.2265625 0.40234375 0.103125 0.17578125
1 0.240625 0.16171875 0.03359375 0.046875
1 0.04296875 0.93515625 0.08515625 0.12890625
1 0.32265625 0.03671875 0.01875 0.02265625
1 0.38046875 0.10234375 0.02890625 0.04609375
1 0.33984375 0.0984375 0.025 0.03125
1 0.32734375 0.07109375 0.02265625 0.0265625
1 0.5125 0.67109375 0.0984375 0.21328125
1 0.1515625 0.63046875 0.121875 0.19921875
1 0.2921875 0.10625 0.025 0.05234375
1 0.2875 0.16171875 0.034375 0.05859375