1 0.31640625 0.45859375 0.0640625 0.13203125
1 0.43046875 0.21953125 0.040625 0.06015625
1 0.33359375 0.3296875 0.0421875 0.08984375
0 0.07265625 0.8125 0.14296875 0.375
1 0.2921875 0.18671875 0.0296875 0.04765625
1 0.340625 0.19453125 0.0328125 0.05234375
1 0.36796875 0.07890625 0.02109375 0.02890625
1 0.2828125 0.25546875 0.03828125 0.0640625
1 0.384375 0.1171875 0.0296875 0.0375
1 0.33359375 0.1375 0.02578125 0.02578125
1 0.328125 0.0859375 0.02109375 0.01875
1 0.240625 0.16015625 0.0328125 0.05546875
1 0.35625 0.03828125 0.01640625 0.0203125
1 0.33203125 0.12578125 0.02421875 0.040625
1 0.325 0.04609375 0.01796875 0.0203125
1 0.48046875 0.4296875 0.06171875 0.140625
1 0.29375 0.0859375 0.02890625 0.04140625
1 0.2953125 0.0578125 0.02109375 0.0265625
1 0.29375 0.034375 0.0171875 0.0296875
1 0.31875 0.0203125 0.01796875 0.025