1 0.44453125 0.2546875 0.03828125 0.059375
1 0.41875 0.203125 0.0296875 0.05546875
1 0.04375 0.91171875 0.0875 0.1765625
1 0.240625 0.39140625 0.06328125 0.125
1 0.1890625 0.56953125 0.1125 0.1859375
1 0.240625 0.16015625 0.034375 0.05390625
1 0.34453125 0.3859375 0.0578125 0.1109375
1 0.346875 0.26796875 0.0359375 0.07578125
1 0.34375 0.19140625 0.03125 0.0640625
3 0.47734375 0.34140625 0.08046875 0.153125
1 0.403125 0.16875 0.0296875 0.046875
1 0.3890625 0.13828125 0.0265625 0.040625
1 0.484375 0.86171875 0.1 0.2765625
1 0.49140625 0.528125 0.08046875 0.20703125
1 0.38203125 0.10546875 0.02109375 0.040625
1 0.2875 0.64765625 0.1015625 0.21953125
0 0.33046875 0.0890625 0.04296875 0.1046875
1 0.36796875 0.08359375 0.01953125 0.03046875
1 0.3625 0.05625 0.0203125 0.03046875
1 0.290625 0.1296875 0.025 0.0546875
1 0.31875 0.02734375 0.0171875 0.0234375
1 0.33984375 0.0109375 0.01953125 0.021875
3 0.29375 0.01484375 0.01953125 0.0296875