1 0.228125 0.4453125 0.07265625 0.12578125
1 0.43203125 0.22109375 0.0390625 0.05859375
1 0.4734375 0.35390625 0.0546875 0.0953125
1 0.34921875 0.30234375 0.03671875 0.07890625
1 0.41015625 0.1640625 0.0328125 0.0484375
1 0.0609375 0.88046875 0.121875 0.2203125
1 0.3796875 0.09921875 0.02578125 0.03359375
1 0.453125 0.28671875 0.0484375 0.0796875
1 0.23984375 0.16171875 0.03671875 0.053125
1 0.325 0.05625 0.01953125 0.0171875
3 0.33828125 0.11875 0.04140625 0.0890625
1 0.35859375 0.0421875 0.0203125 0.0265625
1 0.2734375 0.6875 0.09921875 0.2390625
1 0.4875 0.934375 0.11484375 0.13125
1 0.490625 0.52109375 0.0671875 0.17109375
1 0.3390625 0.0140625 0.01328125 0.025