1 0.2828125 0.59140625 0.084375 0.17265625
1 0.2453125 0.37421875 0.059375 0.09921875
1 0.33984375 0.2984375 0.040625 0.07890625
1 0.36484375 0.06015625 0.01875 0.025
1 0.4546875 0.29140625 0.0484375 0.0875
1 0.4046875 0.16171875 0.03515625 0.053125
1 0.2828125 0.27109375 0.0390625 0.06328125
1 0.3296875 0.0765625 0.021875 0.028125
1 0.33984375 0.19453125 0.03203125 0.05078125
1 0.38125 0.10859375 0.02578125 0.040625
1 0.33671875 0.13125 0.02265625 0.021875
1 0.240625 0.1625 0.03359375 0.04765625
1 0.32109375 0.04296875 0.01953125 0.0203125
1 0.29453125 0.1390625 0.02734375 0.0296875
1 0.34609375 0.01171875 0.015625 0.01640625
1 0.3171875 0.01328125 0.015625 0.01875
1 0.48671875 0.52421875 0.06328125 0.17734375
1 0.9015625 0.478125 0.07578125 0.221875