1 0.21875 0.45703125 0.08203125 0.134375
1 0.278125 0.65 0.0921875 0.2015625
1 0.07578125 0.834375 0.1515625 0.32265625
1 0.8453125 0.6203125 0.1125 0.18359375
1 0.4671875 0.33125 0.053125 0.08671875
1 0.34453125 0.34375 0.04609375 0.08671875
1 0.440625 0.2515625 0.0453125 0.075
1 0.33984375 0.11953125 0.02421875 0.040625
1 0.4140625 0.178125 0.03359375 0.05078125
1 0.2734375 0.29140625 0.04296875 0.078125
1 0.3453125 0.23671875 0.0328125 0.0703125
1 0.29375 0.16796875 0.03046875 0.05
1 0.240625 0.1625 0.03359375 0.04765625
1 0.38125 0.0984375 0.0234375 0.0296875
1 0.359375 0.04765625 0.02109375 0.0234375
1 0.4890625 0.72109375 0.0953125 0.2609375
1 0.74375 0.8828125 0.13515625 0.234375
3 0.32265625 0.0390625 0.0328125 0.06953125