1 0.5109375 0.821875 0.11171875 0.35625
1 0.48359375 0.49921875 0.0703125 0.16171875
1 0.46640625 0.34921875 0.0640625 0.125
3 0.43828125 0.20859375 0.0671875 0.1171875
1 0.30859375 0.50546875 0.09140625 0.21484375
1 0.25625 0.3296875 0.05546875 0.096875
1 0.1390625 0.58828125 0.1046875 0.25625
2 0.22734375 0.5875 0.04609375 0.11875
1 0.20078125 0.871875 0.2015625 0.25625
1 0.28984375 0.19609375 0.0421875 0.08046875
1 0.23984375 0.15625 0.03671875 0.07265625
1 0.28984375 0.1234375 0.02890625 0.04921875
1 0.3390625 0.13125 0.03359375 0.07421875
1 0.3453125 0.328125 0.04765625 0.1
1 0.34921875 0.2421875 0.0328125 0.07421875
2 0.2953125 0.06484375 0.01484375 0.04296875
1 0.3328125 0.07578125 0.02890625 0.03671875
1 0.3234375 0.0484375 0.0171875 0.03515625
1 0.29296875 0.034375 0.0171875 0.02421875
1 0.31875 0.021875 0.01640625 0.021875
1 0.31640625 0.00625 0.01171875 0.01171875
1 0.3375 0.0046875 0.015625 0.009375