1 0.33359375 0.334375 0.05 0.11328125
1 0.4796875 0.3890625 0.04921875 0.10859375
1 0.28046875 0.275 0.0421875 0.08046875
1 0.4578125 0.29140625 0.04453125 0.08203125
1 0.42578125 0.21640625 0.03984375 0.065625
1 0.29453125 0.13984375 0.02890625 0.06015625
1 0.23984375 0.1609375 0.03515625 0.05546875
1 0.3609375 0.059375 0.021875 0.0359375
1 0.3234375 0.09765625 0.02421875 0.0359375
1 0.34921875 0.025 0.0171875 0.0171875
1 0.321875 0.05 0.0203125 0.02421875
1 0.29140625 0.075 0.01953125 0.02890625
1 0.4046875 0.1453125 0.03125 0.04765625
1 0.38046875 0.09453125 0.028125 0.0359375
1 0.51953125 0.75546875 0.084375 0.2390625
1 0.26015625 0.67265625 0.103125 0.21875
2 0.30546875 0.0515625 0.009375 0.03828125
1 0.32109375 0.028125 0.0203125 0.028125
1 0.2875 0.04609375 0.0203125 0.03671875