1 0.4765625 0.4109375 0.05 0.11484375
1 0.275 0.2546875 0.05 0.1
1 0.46484375 0.28671875 0.04921875 0.09296875
1 0.3453125 0.3140625 0.0453125 0.090625
1 0.33984375 0.15625 0.028125 0.04609375
1 0.23984375 0.1609375 0.03515625 0.05390625
1 0.334375 0.0984375 0.02421875 0.03203125
1 0.4234375 0.2046875 0.03984375 0.05703125
1 0.29375 0.090625 0.021875 0.03125
1 0.38359375 0.1171875 0.028125 0.04921875
1 0.41015625 0.16796875 0.03125 0.02890625
1 0.31953125 0.0203125 0.01796875 0.03203125
1 0.27890625 0.60625 0.10390625 0.225
1 0.49296875 0.60859375 0.08828125 0.20859375
1 0.3796875 0.0890625 0.02578125 0.0296875
1 0.35390625 0.03203125 0.01484375 0.021875
1 0.32734375 0.0640625 0.0171875 0.0296875
1 0.36171875 0.04921875 0.0140625 0.021875
1 0.371875 0.06953125 0.015625 0.01875