1 0.2328125 0.884375 0.1296875 0.23125
1 0.94609375 0.51640625 0.1078125 0.140625
1 0.48671875 0.4390625 0.07109375 0.16484375
1 0.303125 0.4625 0.078125 0.13125
1 0.34453125 0.26328125 0.053125 0.153125
1 0.41640625 0.1859375 0.04375 0.06328125
1 0.38203125 0.09765625 0.034375 0.06328125
1 0.334375 0.0984375 0.03984375 0.05546875
1 0.24140625 0.15625 0.040625 0.05703125
1 0.290625 0.22734375 0.03671875 0.08203125
1 0.29375 0.06015625 0.028125 0.03984375
1 0.32265625 0.0484375 0.0203125 0.03203125
1 0.31796875 0.01484375 0.015625 0.0234375
1 0.2921875 0.015625 0.01796875 0.028125
3 0.35859375 0.03515625 0.03671875 0.04921875
3 0.11796875 0.57421875 0.2359375 0.3796875