1 0.51171875 0.778125 0.09296875 0.26796875
1 0.03125 0.96328125 0.0625 0.0734375
1 0.20234375 0.940625 0.1109375 0.11796875
1 0.20703125 0.4734375 0.09375 0.13046875
1 0.13984375 0.678125 0.1390625 0.24453125
1 0.24140625 0.1609375 0.034375 0.0453125
1 0.4640625 0.34609375 0.05234375 0.09453125
1 0.36015625 0.05234375 0.02265625 0.040625
1 0.33046875 0.1078125 0.02578125 0.040625
1 0.42578125 0.228125 0.0421875 0.06796875
0 0.32421875 0.33046875 0.09765625 0.27578125
1 0.3234375 0.06015625 0.02109375 0.02890625
3 0.28984375 0.1640625 0.04765625 0.084375
1 0.39140625 0.1546875 0.02890625 0.0375
1 0.38515625 0.11015625 0.02578125 0.03203125
1 0.37265625 0.0734375 0.02109375 0.021875
1 0.371875 0.09765625 0.01640625 0.0296875
1 0.31796875 0.025 0.01484375 0.0171875
1 0.2921875 0.06171875 0.021875 0.05546875
1 0.3421875 0.16640625 0.028125 0.04375