1 0.121875 0.6875 0.12578125 0.2109375
1 0.30078125 0.56015625 0.07890625 0.1703125
1 0.2734375 0.26484375 0.05546875 0.134375
1 0.34765625 0.3078125 0.04609375 0.08515625
1 0.45 0.30234375 0.046875 0.078125
1 0.4984375 0.47109375 0.06171875 0.13359375
3 0.21640625 0.42578125 0.115625 0.19375
1 0.4109375 0.17734375 0.0328125 0.05546875
1 0.34296875 0.11328125 0.02265625 0.0328125
1 0.24140625 0.16171875 0.03203125 0.0453125
1 0.32890625 0.07734375 0.02421875 0.034375
1 0.32265625 0.040625 0.021875 0.02265625
1 0.38671875 0.1125 0.03046875 0.05
1 0.2875 0.17890625 0.034375 0.05390625
1 0.28984375 0.12890625 0.0296875 0.05078125