1 0.43671875 0.23984375 0.03828125 0.059375
1 0.40703125 0.171875 0.03203125 0.05
1 0.215625 0.4453125 0.07265625 0.13359375
1 0.265625 0.30625 0.04375 0.08125
1 0.296875 0.11953125 0.021875 0.0671875
1 0.3421875 0.3171875 0.0421875 0.103125
1 0.290625 0.2203125 0.0359375 0.06953125
1 0.240625 0.16015625 0.034375 0.05390625
1 0.340625 0.13984375 0.02578125 0.03359375
1 0.334375 0.10859375 0.02109375 0.0390625
1 0.3515625 0.05625 0.015625 0.028125
1 0.32421875 0.54375 0.07109375 0.16953125
1 0.1234375 0.6875 0.1234375 0.21640625
1 0.34765625 0.23203125 0.0296875 0.07421875
3 0.4703125 0.32578125 0.07578125 0.14375
0 0.7625 0.9234375 0.190625 0.153125
2 0.21640625 0.69296875 0.0390625 0.13359375
1 0.38828125 0.12890625 0.0296875 0.046875
1 0.37265625 0.0953125 0.0265625 0.040625
1 0.4875 0.628125 0.07421875 0.1953125
1 0.48828125 0.4546875 0.06875 0.1484375
1 0.34765625 0.02109375 0.0140625 0.02265625
1 0.34453125 0.1765625 0.02890625 0.04375
0 0.3140625 0.01796875 0.025 0.0359375
1 0.3375 0.00703125 0.01171875 0.0109375
1 0.8875 0.534375 0.07578125 0.178125