3 0.109375 0.6609375 0.1890625 0.3578125
1 0.26875 0.7015625 0.11015625 0.2375
1 0.46640625 0.3390625 0.046875 0.09453125
1 0.41953125 0.2015625 0.0453125 0.08125
1 0.32734375 0.0671875 0.0203125 0.02890625
1 0.24765625 0.35234375 0.078125 0.17265625
1 0.34765625 0.21953125 0.034375 0.05703125
1 0.28046875 0.25390625 0.04375 0.0890625
1 0.3421875 0.13515625 0.02578125 0.0421875
1 0.240625 0.159375 0.03203125 0.04921875
1 0.2859375 0.19296875 0.0296875 0.03671875
1 0.2921875 0.034375 0.0171875 0.01953125
1 0.48359375 0.7203125 0.08125 0.24375