1 0.80703125 0.709375 0.1296875 0.23671875
1 0.18671875 0.5375 0.10859375 0.18671875
1 0.259375 0.34140625 0.0578125 0.09609375
1 0.32421875 0.446875 0.06015625 0.134375
1 0.46328125 0.31328125 0.0515625 0.08671875
1 0.43046875 0.22890625 0.0421875 0.06953125
1 0.4046875 0.15546875 0.03125 0.046875
1 0.37421875 0.0828125 0.02109375 0.0265625
1 0.28125 0.23203125 0.040625 0.0625
1 0.340625 0.18671875 0.03125 0.06015625
1 0.33359375 0.09453125 0.02109375 0.03203125
1 0.34921875 0.26640625 0.03671875 0.0609375
1 0.353125 0.0359375 0.01953125 0.02265625
1 0.240625 0.1609375 0.034375 0.0546875
1 0.90859375 0.4953125 0.08359375 0.140625
1 0.29609375 0.1359375 0.028125 0.0375
1 0.4828125 0.46015625 0.071875 0.15703125
1 0.490625 0.70703125 0.09140625 0.2625
3 0.32109375 0.03359375 0.0265625 0.0671875