1 0.30546875 0.4328125 0.0578125 0.1125
1 0.83984375 0.5734375 0.1109375 0.1859375
1 0.4828125 0.41171875 0.0484375 0.10546875
1 0.45625 0.30703125 0.0484375 0.08984375
1 0.428125 0.19453125 0.03828125 0.0609375
1 0.275 0.25078125 0.040625 0.0703125
1 0.23984375 0.16015625 0.0359375 0.05625
1 0.28828125 0.16171875 0.02890625 0.04609375
1 0.353125 0.028125 0.01796875 0.01875
1 0.40234375 0.14609375 0.03203125 0.04375
1 0.34375 0.13359375 0.0265625 0.03828125
1 0.34921875 0.196875 0.03203125 0.04296875
1 0.31953125 0.03046875 0.0171875 0.0203125
1 0.33125 0.08671875 0.02109375 0.0265625
1 0.49296875 0.59765625 0.0765625 0.18671875
1 0.078125 0.7765625 0.15625 0.32734375
2 0.2765625 0.3203125 0.03828125 0.08515625
1 0.36953125 0.08125 0.021875 0.04140625
1 0.38359375 0.1125 0.0234375 0.04296875
1 0.3234375 0.05859375 0.02109375 0.03984375
1 0.3609375 0.0515625 0.021875 0.0265625
1 0.29375 0.015625 0.0234375 0.03046875
1 0.3171875 0.0125 0.0109375 0.01875