3 0.22890625 0.384375 0.15078125 0.42265625
1 0.49765625 0.94296875 0.1 0.1140625
1 0.4421875 0.2296875 0.04765625 0.08671875
1 0.33984375 0.27265625 0.04921875 0.08203125
1 0.33515625 0.09453125 0.03125 0.08203125
1 0.37265625 0.0734375 0.0234375 0.04140625
1 0.29375 0.084375 0.02265625 0.05390625
1 0.30546875 0.165625 0.0265625 0.04140625
1 0.240625 0.1546875 0.0328125 0.05234375
1 0.32265625 0.02734375 0.0265625 0.0296875
1 0.35546875 0.0328125 0.0265625 0.03203125
1 0.29609375 0.0125 0.0203125 0.025