1 0.85625 0.60859375 0.121875 0.2140625
1 0.4640625 0.33046875 0.04921875 0.08828125
1 0.44375 0.253125 0.04296875 0.06640625
1 0.23984375 0.159375 0.03359375 0.053125
1 0.34609375 0.24296875 0.03359375 0.06953125
3 0.28984375 0.51015625 0.175 0.4515625
1 0.40703125 0.16328125 0.03046875 0.05234375
1 0.35703125 0.053125 0.01796875 0.02890625
1 0.38515625 0.10546875 0.02421875 0.02421875
1 0.32421875 0.04375 0.0171875 0.0234375
1 0.4859375 0.4546875 0.06171875 0.14375
1 0.49921875 0.6625 0.07265625 0.2296875
1 0.31953125 0.01953125 0.0171875 0.0296875
1 0.33828125 0.0109375 0.02109375 0.02109375
1 0.29140625 0.0140625 0.01640625 0.028125
1 0.42421875 0.20390625 0.0296875 0.04609375