1 0.4578125 0.2859375 0.04765625 0.09140625
1 0.334375 0.4375 0.05546875 0.11484375
1 0.23125 0.4203125 0.07109375 0.121875
1 0.2859375 0.71328125 0.09921875 0.22265625
1 0.34296875 0.21484375 0.0390625 0.0890625
1 0.39609375 0.13515625 0.0265625 0.02734375
1 0.28515625 0.24765625 0.0390625 0.06796875
1 0.41875 0.1921875 0.04140625 0.071875
1 0.29140625 0.10703125 0.0234375 0.04296875
1 0.240625 0.1609375 0.03359375 0.0546875
1 0.334375 0.11484375 0.0234375 0.0359375
1 0.3171875 0.01328125 0.015625 0.01953125
1 0.38125 0.09921875 0.02578125 0.03125
1 0.36640625 0.06015625 0.021875 0.02421875
1 0.36796875 0.06875 0.02265625 0.03203125
1 0.48359375 0.39453125 0.0640625 0.109375
1 0.5125 0.559375 0.078125 0.18359375
1 0.29140625 0.02109375 0.01640625 0.03515625
1 0.94375 0.48046875 0.0796875 0.134375