1 0.50546875 0.678125 0.09296875 0.2640625
1 0.48125 0.4265625 0.0765625 0.13125
1 0.45234375 0.29453125 0.06328125 0.1078125
3 0.42265625 0.18828125 0.06328125 0.0984375
1 0.34609375 0.259375 0.04765625 0.07421875
1 0.26015625 0.3203125 0.06796875 0.13125
1 0.24140625 0.159375 0.0375 0.06015625
1 0.2859375 0.17265625 0.040625 0.05546875
2 0.303125 0.234375 0.0171875 0.06171875
1 0.06875 0.8609375 0.13671875 0.278125
1 0.303125 0.5421875 0.1046875 0.31953125
1 0.334375 0.3578125 0.0671875 0.1328125
1 0.34453125 0.1796875 0.03671875 0.06015625
1 0.29140625 0.0796875 0.02109375 0.03515625
1 0.32734375 0.05546875 0.0296875 0.05546875
1 0.29453125 0.0390625 0.01875 0.0296875
1 0.325 0.01953125 0.0171875 0.0171875
1 0.3140625 0.00859375 0.01640625 0.01640625
1 0.8015625 0.80234375 0.1140625 0.29921875
1 0.22890625 0.89140625 0.1453125 0.2171875