1 0.396875 0.13515625 0.03046875 0.04609375
1 0.45390625 0.296875 0.04765625 0.08125
1 0.240625 0.16015625 0.034375 0.053125
1 0.434375 0.23046875 0.0390625 0.0578125
1 0.3171875 0.0125 0.01484375 0.01796875
3 0.34296875 0.21796875 0.053125 0.1515625
1 0.41875 0.1890625 0.0328125 0.04765625
1 0.36875 0.0734375 0.02109375 0.02890625
1 0.33125 0.11484375 0.021875 0.0296875
1 0.478125 0.38828125 0.0609375 0.1
1 0.4953125 0.58828125 0.0765625 0.21015625
1 0.26640625 0.7453125 0.12734375 0.259375
1 0.3453125 0.028125 0.015625 0.03671875
1 0.3578125 0.04921875 0.01328125 0.03125