1 0.490625 0.61640625 0.08046875 0.21171875
1 0.22734375 0.81328125 0.14375 0.3734375
1 0.1953125 0.48984375 0.0953125 0.140625
1 0.33125 0.4625 0.05546875 0.146875
1 0.35234375 0.28828125 0.04140625 0.08984375
1 0.2859375 0.27265625 0.04609375 0.07890625
1 0.05 0.890625 0.1 0.21875
1 0.48203125 0.4453125 0.08046875 0.15625
3 0.44375 0.234375 0.0640625 0.1390625
1 0.34453125 0.17734375 0.04453125 0.1140625
1 0.2890625 0.18515625 0.03828125 0.06484375
1 0.240625 0.1578125 0.03671875 0.06640625
2 0.29765625 0.115625 0.015625 0.04609375
1 0.33828125 0.1125 0.021875 0.02734375
1 0.33046875 0.0828125 0.01953125 0.034375
1 0.29375 0.07734375 0.01953125 0.034375
1 0.3265625 0.0578125 0.01953125 0.0265625
1 0.28984375 0.0390625 0.0171875 0.03125
1 0.32265625 0.03359375 0.01640625 0.01875
1 0.3484375 0.02421875 0.01640625 0.02421875
1 0.31796875 0.01640625 0.0140625 0.0171875
1 0.3375 0.00546875 0.0125 0.0109375
1 0.31640625 0.003125 0.0109375 0.00625
2 0.3078125 0.0109375 0.00703125 0.02109375
1 0.29296875 0.0125 0.0109375 0.0171875