1 0.47578125 0.315625 0.04921875 0.10078125
1 0.346875 0.29375 0.0359375 0.0796875
1 0.3390625 0.13125 0.02734375 0.03671875
1 0.2875 0.21328125 0.03515625 0.05859375
1 0.05703125 0.896875 0.109375 0.19453125
1 0.43828125 0.23671875 0.04296875 0.0640625
1 0.34921875 0.184375 0.03125 0.0546875
1 0.41484375 0.18046875 0.03203125 0.06015625
1 0.240625 0.1609375 0.03359375 0.0546875
1 0.3890625 0.13515625 0.03359375 0.04921875
1 0.325 0.06640625 0.0203125 0.02734375
1 0.49453125 0.5703125 0.08828125 0.18359375
1 0.28359375 0.68671875 0.11015625 0.25625
1 0.35703125 0.04296875 0.015625 0.03125
1 0.2875 0.07265625 0.0234375 0.03984375
1 0.3765625 0.07421875 0.0171875 0.02109375
1 0.384375 0.09453125 0.0203125 0.0234375
1 0.36796875 0.05625 0.01640625 0.02265625
1 0.29375 0.0390625 0.015625 0.028125
1 0.315625 0.0078125 0.01640625 0.01484375
1 0.29453125 0.01171875 0.01328125 0.01953125