1 0.4421875 0.24296875 0.03828125 0.059375
1 0.41640625 0.196875 0.0296875 0.05546875
1 0.12265625 0.66796875 0.1296875 0.24453125
1 0.2265625 0.428125 0.065625 0.103125
1 0.28671875 0.2265625 0.04140625 0.084375
1 0.31640625 0.46875 0.0671875 0.14921875
1 0.2734375 0.3296875 0.0515625 0.09765625
1 0.240625 0.16015625 0.034375 0.05390625
1 0.34375 0.15703125 0.0296875 0.03984375
1 0.33671875 0.13046875 0.02421875 0.03203125
1 0.34921875 0.08046875 0.0171875 0.03203125
1 0.23203125 0.93125 0.1109375 0.1375
1 0.02578125 0.97734375 0.05078125 0.0453125
1 0.3484375 0.3125 0.04609375 0.109375
3 0.4703125 0.32578125 0.07578125 0.14375
1 0.3984375 0.15 0.0296875 0.046875
1 0.3796875 0.1171875 0.0265625 0.040625
1 0.4875 0.628125 0.07421875 0.1953125
1 0.48828125 0.4546875 0.06875 0.1484375
1 0.35390625 0.03515625 0.0171875 0.028125
1 0.34921875 0.228125 0.03046875 0.059375
0 0.31875 0.03046875 0.02734375 0.0609375
1 0.34140625 0.0203125 0.0140625 0.01796875