0 0.26484375 0.26015625 0.0859375 0.19453125
1 0.37265625 0.08203125 0.0234375 0.02890625
1 0.353125 0.034375 0.0171875 0.01953125
1 0.334375 0.1140625 0.025 0.03515625
1 0.41484375 0.17890625 0.0328125 0.05234375
1 0.23984375 0.16171875 0.0359375 0.05546875
1 0.325 0.059375 0.01953125 0.0203125
1 0.34296875 0.00859375 0.015625 0.01640625
1 0.29296875 0.09296875 0.01875 0.0296875
1 0.31875 0.03203125 0.015625 0.01953125
1 0.4890625 0.5203125 0.07265625 0.16015625
1 0.29140625 0.05859375 0.01796875 0.03671875
1 0.31640625 0.01015625 0.01484375 0.0203125