1 0.4421875 0.24296875 0.03828125 0.059375
1 0.4171875 0.2015625 0.0296875 0.05546875
1 0.06953125 0.8140625 0.1390625 0.26875
1 0.24765625 0.371875 0.053125 0.11171875
1 0.2125 0.51328125 0.09453125 0.14765625
1 0.240625 0.16015625 0.034375 0.05390625
1 0.3515625 0.3109375 0.04296875 0.090625
1 0.346875 0.23125 0.03125 0.06015625
1 0.33984375 0.16171875 0.025 0.0453125
1 0.215625 0.89609375 0.159375 0.20703125
3 0.4703125 0.32578125 0.07578125 0.14375
1 0.403125 0.16875 0.0296875 0.046875
1 0.3890625 0.13828125 0.0265625 0.040625
1 0.48515625 0.69140625 0.08203125 0.21953125
1 0.48671875 0.4734375 0.07421875 0.165625
1 0.37890625 0.09375 0.02109375 0.040625
1 0.328125 0.4703125 0.07265625 0.1390625
0 0.32734375 0.07421875 0.03828125 0.09375
1 0.36484375 0.07265625 0.01953125 0.03046875
1 0.3578125 0.04609375 0.0203125 0.03046875
1 0.2921875 0.08671875 0.025 0.0546875
1 0.3171875 0.0171875 0.0171875 0.0234375
1 0.33828125 0.0078125 0.0171875 0.01484375