1 0.20859375 0.509375 0.07734375 0.13984375
1 0.27421875 0.69453125 0.09609375 0.21171875
1 0.4703125 0.34609375 0.05703125 0.09140625
1 0.3328125 0.396875 0.0515625 0.115625
1 0.4234375 0.2078125 0.0375 0.05859375
1 0.3484375 0.20234375 0.0328125 0.0578125
1 0.48984375 0.49609375 0.06328125 0.13984375
1 0.28203125 0.28046875 0.040625 0.07578125
1 0.4484375 0.27421875 0.04140625 0.07578125
1 0.23984375 0.159375 0.03359375 0.05234375
1 0.3703125 0.075 0.0234375 0.03125
1 0.40078125 0.14375 0.02734375 0.0265625
1 0.353125 0.028125 0.015625 0.01796875
3 0.3328125 0.07265625 0.04296875 0.090625
1 0.49375 0.8046875 0.11171875 0.31953125
1 0.03984375 0.92109375 0.0796875 0.15703125