1 0.30390625 0.5875 0.0859375 0.184375
1 0.23046875 0.4359375 0.065625 0.1390625
1 0.15 0.6765625 0.115625 0.22421875
1 0.340625 0.35546875 0.04453125 0.0921875
1 0.290625 0.2 0.034375 0.05546875
1 0.41953125 0.20859375 0.03046875 0.040625
1 0.34609375 0.24296875 0.03203125 0.06796875
0 0.334375 0.1109375 0.0453125 0.11484375
3 0.48046875 0.41484375 0.0859375 0.1953125
1 0.2390625 0.16015625 0.03671875 0.0546875
1 0.19140625 0.95859375 0.12890625 0.08203125
1 0.3484375 0.02421875 0.01640625 0.02578125
1 0.3171875 0.01640625 0.015625 0.0203125
1 0.45390625 0.2859375 0.04765625 0.071875
1 0.321875 0.0421875 0.01796875 0.01796875
1 0.409375 0.165625 0.040625 0.040625
3 0.29453125 0.03125 0.021875 0.040625
1 0.50546875 0.7140625 0.090625 0.31640625
1 0.38671875 0.1375 0.028125 0.034375
1 0.3828125 0.1046875 0.0265625 0.03515625
1 0.37109375 0.0890625 0.01875 0.021875
1 0.36875 0.0671875 0.0203125 0.02421875