1 0.48984375 0.571875 0.0703125 0.19921875
1 0.27578125 0.5953125 0.1234375 0.253125
1 0.09140625 0.73203125 0.14296875 0.28203125
2 0.07109375 0.94453125 0.06171875 0.1109375
1 0.23515625 0.40234375 0.0734375 0.125
1 0.34296875 0.37421875 0.0625 0.13125
1 0.35078125 0.25546875 0.0453125 0.07890625
3 0.43984375 0.22265625 0.075 0.134375
1 0.28828125 0.22890625 0.04921875 0.08828125
1 0.28671875 0.14765625 0.04140625 0.06328125
1 0.340625 0.153125 0.03671875 0.08984375
1 0.23984375 0.15625 0.0375 0.06328125
2 0.290625 0.0890625 0.03125 0.04453125
1 0.3375 0.096875 0.02578125 0.03984375
1 0.32734375 0.065625 0.01875 0.03359375
1 0.29453125 0.053125 0.0203125 0.0265625
1 0.32265625 0.03828125 0.01640625 0.028125
1 0.3421875 0.0109375 0.0140625 0.01953125
1 0.290625 0.02265625 0.01484375 0.02734375
1 0.31953125 0.01875 0.01484375 0.015625
1 0.315625 0.0046875 0.01328125 0.009375
1 0.29296875 0.0046875 0.01328125 0.009375
1 0.4765625 0.3921875 0.06796875 0.13828125