1 0.478125 0.39609375 0.0515625 0.1078125
1 0.28828125 0.6234375 0.08359375 0.1890625
1 0.45625 0.28828125 0.04609375 0.08125
1 0.3265625 0.07421875 0.02265625 0.0359375
1 0.240625 0.1625 0.03359375 0.046875
1 0.4328125 0.234375 0.03203125 0.03828125
1 0.41015625 0.18125 0.034375 0.053125
1 0.3390625 0.115625 0.02578125 0.03828125
1 0.36640625 0.07578125 0.02109375 0.02890625
1 0.346875 0.03125 0.02109375 0.02109375
1 0.29140625 0.065625 0.01875 0.01875
1 0.39609375 0.1328125 0.0265625 0.03359375
1 0.5015625 0.53671875 0.07734375 0.16640625
1 0.29375 0.01953125 0.01875 0.03515625
1 0.3140625 0.0109375 0.01640625 0.02109375