1 0.30859375 0.47578125 0.0671875 0.12890625
1 0.25 0.72890625 0.11484375 0.23515625
1 0.2625 0.32421875 0.0515625 0.0875
1 0.3421875 0.259375 0.0375 0.06640625
1 0.446875 0.26484375 0.04765625 0.0796875
1 0.32734375 0.0625 0.0203125 0.02578125
1 0.33828125 0.1671875 0.0296875 0.05
1 0.23984375 0.15859375 0.0328125 0.053125
1 0.36328125 0.053125 0.01875 0.02265625
1 0.2875 0.240625 0.03671875 0.06015625
1 0.39765625 0.14453125 0.0296875 0.046875
1 0.3765625 0.09609375 0.0234375 0.034375
1 0.33125 0.10859375 0.021875 0.034375
1 0.32109375 0.0359375 0.01875 0.01953125
1 0.2953125 0.12265625 0.02734375 0.01953125
1 0.4828125 0.48984375 0.06796875 0.15625
1 0.29609375 0.078125 0.025 0.03515625
1 0.29375 0.05 0.01796875 0.0296875
1 0.3171875 0.0109375 0.0203125 0.02109375
1 0.34296875 0.0125 0.01796875 0.025
1 0.29453125 0.015625 0.0171875 0.021875
1 0.9234375 0.434375 0.0578125 0.19296875