1 0.33515625 0.36796875 0.04921875 0.109375
1 0.446875 0.234375 0.04140625 0.078125
1 0.26484375 0.29765625 0.04765625 0.0765625
1 0.46640625 0.35078125 0.0484375 0.096875
1 0.3515625 0.234375 0.0359375 0.0875
1 0.2015625 0.4984375 0.08125 0.13984375
1 0.23984375 0.16171875 0.0359375 0.05390625
1 0.41015625 0.16640625 0.03359375 0.0421875
1 0.3421875 0.15078125 0.02734375 0.0484375
1 0.334375 0.1046875 0.025 0.03984375
1 0.3671875 0.0671875 0.01953125 0.01953125
1 0.29296875 0.0453125 0.02265625 0.04140625
1 0.32265625 0.0578125 0.01953125 0.021875
1 0.321875 0.0328125 0.01875 0.01953125
1 0.39140625 0.12109375 0.02890625 0.03828125
1 0.3734375 0.09765625 0.0234375 0.03359375
1 0.4875 0.46796875 0.05390625 0.1234375
1 0.4984375 0.690625 0.07890625 0.2296875
1 0.35859375 0.04140625 0.015625 0.028125
1 0.3421875 0.01171875 0.01328125 0.0234375
1 0.35078125 0.021875 0.0125 0.021875
1 0.31875 0.0109375 0.015625 0.02109375