1 0.346875 0.26484375 0.0328125 0.075
1 0.4734375 0.309375 0.05078125 0.09921875
1 0.290625 0.1921875 0.0328125 0.0515625
1 0.08515625 0.81171875 0.16875 0.3296875
1 0.3375 0.11640625 0.02578125 0.0328125
1 0.346875 0.1671875 0.028125 0.046875
1 0.240625 0.1625 0.034375 0.05
1 0.4125 0.1796875 0.03203125 0.06015625
1 0.4359375 0.23125 0.04296875 0.0625
1 0.390625 0.128125 0.03203125 0.05390625
1 0.2953125 0.62890625 0.090625 0.19921875
1 0.49140625 0.53828125 0.06796875 0.16640625
1 0.3234375 0.0484375 0.0234375 0.05078125
1 0.28828125 0.05859375 0.021875 0.03984375
1 0.315625 0.0078125 0.0140625 0.015625
1 0.35546875 0.04375 0.01640625 0.0265625
1 0.36640625 0.0578125 0.01328125 0.0265625
1 0.37421875 0.08203125 0.015625 0.025