1 0.1984375 0.51953125 0.078125 0.13046875
1 0.26171875 0.35 0.05 0.08828125
1 0.321875 0.4234375 0.06015625 0.1171875
1 0.8609375 0.56015625 0.1515625 0.303125
1 0.41796875 0.19765625 0.03984375 0.0578125
1 0.465625 0.3375 0.053125 0.1015625
1 0.3703125 0.07890625 0.021875 0.03046875
1 0.34296875 0.25390625 0.03828125 0.0625
1 0.3265625 0.06015625 0.02109375 0.02890625
1 0.3375 0.103125 0.025 0.0265625
1 0.39140625 0.13515625 0.0296875 0.04296875
1 0.23984375 0.16015625 0.034375 0.05546875
1 0.33828125 0.15625 0.0296875 0.04921875
1 0.29296875 0.17421875 0.03203125 0.0515625
1 0.31875 0.025 0.01640625 0.01953125
1 0.3515625 0.02265625 0.01484375 0.01796875
1 0.4859375 0.58046875 0.0703125 0.19765625
1 0.29375 0.08125 0.028125 0.05390625
1 0.29453125 0.0328125 0.015625 0.03515625
1 0.184375 0.92578125 0.1375 0.1484375