3 0.0921875 0.765625 0.184375 0.46875
3 0.38359375 0.08984375 0.03828125 0.07109375
1 0.2703125 0.67265625 0.10625 0.20390625
1 0.4984375 0.5734375 0.07890625 0.2203125
1 0.25625 0.37421875 0.06171875 0.125
1 0.32421875 0.4296875 0.071875 0.2390625
1 0.4546875 0.2796875 0.04921875 0.08046875
1 0.34140625 0.18671875 0.0421875 0.08671875
1 0.29453125 0.1125 0.03671875 0.04921875
1 0.24140625 0.16015625 0.0359375 0.05859375
1 0.33125 0.09140625 0.02578125 0.03359375
1 0.40546875 0.159375 0.0375 0.07578125
1 0.325 0.0421875 0.025 0.03203125
1 0.2921875 0.04140625 0.025 0.03359375
2 0.29921875 0.07109375 0.01875 0.028125