1 0.3078125 0.5421875 0.0765625 0.1640625
1 0.2578125 0.3234375 0.07109375 0.1578125
3 0.1578125 0.5640625 0.1671875 0.2953125
1 0.325 0.0578125 0.02109375 0.02734375
1 0.45390625 0.2859375 0.04609375 0.08359375
1 0.40703125 0.17578125 0.03828125 0.071875
1 0.34921875 0.1890625 0.0296875 0.0375
1 0.33828125 0.1140625 0.02421875 0.0390625
1 0.24140625 0.15859375 0.0328125 0.05
1 0.2859375 0.1796875 0.02890625 0.03359375
1 0.28359375 0.228125 0.03984375 0.0703125
1 0.47265625 0.53125 0.08046875 0.1546875