1 0.5046875 0.76328125 0.09296875 0.31328125
1 0.48671875 0.48828125 0.0703125 0.15859375
1 0.46640625 0.34609375 0.071875 0.13125
1 0.3453125 0.31875 0.04921875 0.09140625
1 0.315625 0.46875 0.08828125 0.18828125
2 0.2484375 0.528125 0.0328125 0.1078125
1 0.159375 0.56015625 0.0875 0.21015625
1 0.259375 0.3109375 0.05703125 0.096875
1 0.2921875 0.18203125 0.03203125 0.05546875
1 0.240625 0.16015625 0.0328125 0.06796875
1 0.290625 0.1125 0.03203125 0.04921875
1 0.33671875 0.121875 0.0328125 0.07109375
3 0.434375 0.21015625 0.06484375 0.140625
1 0.33125 0.0703125 0.02109375 0.02890625
2 0.29453125 0.05625 0.015625 0.03359375
1 0.321875 0.04296875 0.01796875 0.03046875
1 0.29453125 0.028125 0.0171875 0.01875
1 0.31796875 0.01796875 0.01796875 0.025
1 0.34765625 0.23671875 0.04140625 0.06953125