1 0.2625 0.76171875 0.103125 0.2421875
1 0.17421875 0.57109375 0.09609375 0.18828125
1 0.309375 0.5 0.08125 0.28359375
1 0.3421875 0.303125 0.059375 0.121875
1 0.43359375 0.23125 0.05625 0.0984375
1 0.290625 0.19140625 0.04921875 0.08359375
1 0.340625 0.16171875 0.04140625 0.06171875
1 0.24296875 0.159375 0.0359375 0.05703125
1 0.33515625 0.09375 0.02578125 0.03984375
1 0.29375 0.0875 0.02265625 0.03515625
2 0.303125 0.12890625 0.015625 0.03203125
3 0.4078125 0.14453125 0.05234375 0.08515625
3 0.0625 0.828125 0.125 0.34375
1 0.32109375 0.0234375 0.025 0.04609375
1 0.29375 0.0203125 0.021875 0.03125
1 0.4734375 0.3703125 0.06171875 0.1328125
1 0.50546875 0.64921875 0.08515625 0.2703125