1 0.4421875 0.24296875 0.03828125 0.059375
1 0.4171875 0.2015625 0.0296875 0.05546875
1 0.10859375 0.73203125 0.13515625 0.2140625
1 0.25 0.3484375 0.053125 0.11171875
1 0.2265625 0.475 0.08515625 0.13671875
1 0.240625 0.16015625 0.034375 0.05390625
1 0.35390625 0.2765625 0.0375 0.078125
1 0.34453125 0.209375 0.0296875 0.05078125
1 0.33828125 0.15390625 0.025 0.0453125
1 0.26484375 0.7421875 0.13125 0.31015625
3 0.4703125 0.32578125 0.07578125 0.14375
1 0.403125 0.16875 0.0296875 0.046875
1 0.3890625 0.13828125 0.0265625 0.040625
1 0.4875 0.6453125 0.07734375 0.20234375
1 0.48828125 0.4546875 0.06875 0.1484375
1 0.37890625 0.09375 0.02109375 0.040625
1 0.340625 0.39453125 0.05703125 0.11484375
0 0.32578125 0.07109375 0.03828125 0.09375
1 0.36171875 0.06640625 0.01953125 0.03046875
1 0.35390625 0.03828125 0.0203125 0.03046875
1 0.29140625 0.06796875 0.01796875 0.03359375
1 0.7671875 0.8609375 0.13203125 0.278125
1 0.315625 0.01171875 0.0140625 0.01640625
1 0.3359375 0.00546875 0.01328125 0.0109375