1 0.196875 0.521875 0.08984375 0.1671875
1 0.075 0.8453125 0.15 0.309375
1 0.29609375 0.60390625 0.08828125 0.209375
1 0.27265625 0.29296875 0.05078125 0.08046875
1 0.4234375 0.2203125 0.03046875 0.0515625
1 0.3390625 0.33671875 0.04609375 0.1
0 0.3390625 0.146875 0.0515625 0.140625
3 0.48671875 0.57265625 0.121875 0.30546875
1 0.2390625 0.16015625 0.03671875 0.0546875
1 0.353125 0.03671875 0.01875 0.0375
1 0.31953125 0.02734375 0.0171875 0.02421875
1 0.46875 0.34140625 0.05 0.0953125
1 0.3234375 0.059375 0.01953125 0.0265625
1 0.4046875 0.16875 0.03359375 0.040625
3 0.2921875 0.0640625 0.03046875 0.05703125
1 0.3875 0.13984375 0.028125 0.034375
1 0.38359375 0.10703125 0.0265625 0.03515625
1 0.36875 0.09609375 0.01328125 0.03359375
1 0.36953125 0.0671875 0.0203125 0.02421875
1 0.31328125 0.00625 0.01484375 0.0125