1 0.07109375 0.8265625 0.140625 0.275
1 0.34140625 0.43046875 0.05625 0.12265625
1 0.48828125 0.45078125 0.06328125 0.14765625
1 0.36640625 0.0609375 0.01953125 0.02578125
1 0.29140625 0.0859375 0.0203125 0.03671875
1 0.3265625 0.053125 0.0203125 0.025
1 0.24140625 0.16015625 0.03359375 0.0546875
1 0.2640625 0.83828125 0.1296875 0.31796875
1 0.2546875 0.40234375 0.06171875 0.115625
1 0.2796875 0.25703125 0.0453125 0.06953125
2 0.296875 0.190625 0.02109375 0.05390625
1 0.2921875 0.1359375 0.028125 0.0453125
1 0.3421875 0.146875 0.02734375 0.028125
1 0.34609375 0.2171875 0.040625 0.11015625
1 0.33125 0.08359375 0.0234375 0.03125
1 0.33671875 0.1125 0.02265625 0.0390625
1 0.31953125 0.0203125 0.01640625 0.02421875
1 0.346875 0.02890625 0.015625 0.02734375
1 0.29453125 0.04375 0.01640625 0.03125
1 0.29453125 0.01875 0.015625 0.01875
2 0.309375 0.03984375 0.00859375 0.03125
1 0.3421875 0.009375 0.01171875 0.01640625
3 0.46171875 0.28671875 0.07890625 0.1453125
1 0.490625 0.628125 0.07109375 0.20234375