1 0.825 0.778125 0.115625 0.23828125
1 0.33359375 0.41484375 0.05859375 0.1484375
1 0.178125 0.56875 0.09921875 0.16796875
1 0.4703125 0.37265625 0.05 0.1109375
1 0.34453125 0.25 0.03671875 0.07734375
1 0.34296875 0.15859375 0.03046875 0.046875
1 0.45625 0.25546875 0.046875 0.08359375
1 0.240625 0.1625 0.03515625 0.04921875
1 0.328125 0.0875 0.02265625 0.03046875
1 0.41640625 0.18984375 0.03046875 0.03046875
1 0.29296875 0.09609375 0.0296875 0.053125
1 0.32421875 0.05390625 0.01953125 0.02109375
1 0.3765625 0.115625 0.021875 0.025
1 0.4890625 0.5046875 0.06015625 0.1296875
1 0.503125 0.746875 0.0828125 0.25625
1 0.23984375 0.80703125 0.128125 0.31484375
1 0.39921875 0.13984375 0.0359375 0.05703125
1 0.371875 0.07109375 0.02265625 0.03984375
1 0.31953125 0.03125 0.0234375 0.0296875
1 0.290625 0.028125 0.01875 0.03359375
1 0.346875 0.02109375 0.01640625 0.0265625
1 0.353125 0.0359375 0.015625 0.0234375
1 0.3625 0.0515625 0.0203125 0.0265625
1 0.31484375 0.00703125 0.0140625 0.0140625