1 0.509375 0.69375 0.09296875 0.2796875
1 0.83359375 0.70546875 0.12421875 0.28359375
1 0.27265625 0.6828125 0.15 0.32890625
1 0.2109375 0.43046875 0.10234375 0.16953125
2 0.28671875 0.35546875 0.0296875 0.103125
1 0.32890625 0.3875 0.05703125 0.1546875
1 0.34375 0.29375 0.03828125 0.07265625
1 0.346875 0.21875 0.03984375 0.06796875
1 0.2765625 0.24140625 0.046875 0.08203125
1 0.24140625 0.15546875 0.040625 0.05703125
1 0.29296875 0.1328125 0.025 0.04609375
3 0.43125 0.19921875 0.0671875 0.1078125
1 0.33359375 0.0890625 0.03046875 0.06953125
1 0.2890625 0.0796875 0.0328125 0.05390625
1 0.32734375 0.046875 0.01875 0.03203125
1 0.46171875 0.31875 0.0578125 0.128125
1 0.48359375 0.45625 0.06015625 0.128125
2 0.29296875 0.03125 0.01015625 0.0296875
1 0.31875 0.02265625 0.01484375 0.02890625
1 0.31484375 0.00546875 0.01640625 0.0109375
1 0.29375 0.01015625 0.01484375 0.0171875