1 0.42265625 0.2 0.03828125 0.059375
1 0.39140625 0.12421875 0.021875 0.03671875
1 0.27265625 0.2734375 0.03671875 0.09453125
1 0.28359375 0.184375 0.028125 0.05
1 0.31640625 0.04296875 0.0171875 0.04140625
1 0.3453125 0.22421875 0.03046875 0.08046875
1 0.29765625 0.1296875 0.02421875 0.05
1 0.240625 0.16015625 0.034375 0.05390625
1 0.334375 0.10390625 0.02421875 0.0296875
1 0.328125 0.07734375 0.01796875 0.0296875
1 0.3453125 0.0296875 0.01640625 0.0234375
1 0.35078125 0.31953125 0.0375 0.08515625
1 0.07109375 0.84296875 0.1421875 0.3140625
1 0.2703125 0.6859375 0.1171875 0.3625
2 0.19765625 0.534375 0.04375 0.121875
1 0.2421875 0.40234375 0.0671875 0.11875
1 0.34296875 0.171875 0.03046875 0.03984375
3 0.46875 0.321875 0.07109375 0.134375
0 0.83203125 0.5984375 0.2546875 0.46640625
2 0.31328125 0.26484375 0.01953125 0.06484375
1 0.3734375 0.0890625 0.01875 0.03046875
1 0.359375 0.06328125 0.0203125 0.0234375
1 0.4875 0.628125 0.07421875 0.1953125
1 0.48828125 0.4546875 0.06875 0.1484375
1 0.33984375 0.00625 0.0140625 0.0125