1 0.1046875 0.72734375 0.13515625 0.2265625
1 0.27890625 0.6265625 0.08671875 0.19453125
1 0.41796875 0.19296875 0.0328125 0.0546875
1 0.45234375 0.32890625 0.0453125 0.08203125
1 0.2703125 0.26875 0.0609375 0.13984375
1 0.34453125 0.3359375 0.05234375 0.08984375
3 0.209375 0.4484375 0.11484375 0.18671875
1 0.34453125 0.12890625 0.0234375 0.028125
1 0.240625 0.15859375 0.0328125 0.0515625
1 0.38984375 0.11953125 0.03046875 0.0578125
1 0.3234375 0.04296875 0.0203125 0.02421875
1 0.33046875 0.0796875 0.02265625 0.040625
1 0.2859375 0.1875 0.04453125 0.06640625
1 0.2921875 0.13515625 0.0296875 0.04765625
1 0.50625 0.53828125 0.0796875 0.16328125