1 0.45390625 0.3 0.04609375 0.08203125
1 0.23984375 0.159375 0.0328125 0.053125
1 0.3984375 0.140625 0.03125 0.04921875
1 0.43359375 0.23125 0.0390625 0.06015625
3 0.34140625 0.25703125 0.059375 0.15
1 0.33671875 0.13203125 0.025 0.03359375
1 0.37265625 0.08203125 0.021875 0.021875
1 0.4203125 0.19140625 0.03359375 0.04609375
1 0.34765625 0.034375 0.01875 0.0265625
1 0.31796875 0.01484375 0.015625 0.02265625
1 0.48203125 0.40234375 0.05625 0.125
1 0.49296875 0.5984375 0.08515625 0.21328125
1 0.221875 0.8890625 0.13046875 0.221875