1 0.496875 0.85703125 0.103125 0.2859375
1 0.178125 0.878125 0.17109375 0.24375
1 0.33515625 0.26796875 0.046875 0.08828125
1 0.3328125 0.184375 0.04375 0.06953125
1 0.24453125 0.159375 0.0375 0.06953125
1 0.33828125 0.1140625 0.02890625 0.04609375
1 0.3921875 0.11015625 0.03046875 0.05078125
1 0.29296875 0.08671875 0.028125 0.05
1 0.3296875 0.06171875 0.02109375 0.03203125
1 0.365625 0.06640625 0.0234375 0.034375
1 0.29375 0.03984375 0.01875 0.02578125
1 0.31953125 0.025 0.01328125 0.0203125
1 0.29375 0.01953125 0.01875 0.01484375
1 0.340625 0.00859375 0.01484375 0.01640625
1 0.31875 0.0078125 0.01640625 0.015625