1 0.19140625 0.53515625 0.09140625 0.16640625
1 0.4875 0.45625 0.0546875 0.125
1 0.25625 0.6828125 0.11015625 0.259375
1 0.2875 0.23046875 0.0390625 0.08125
1 0.4671875 0.33359375 0.04140625 0.0828125
1 0.4328125 0.23671875 0.04453125 0.06875
1 0.41171875 0.15625 0.03359375 0.05390625
1 0.240625 0.159375 0.03359375 0.053125
1 0.33125 0.16015625 0.03125 0.03984375
1 0.3265625 0.08671875 0.01875 0.02578125
1 0.35390625 0.03515625 0.01640625 0.02109375
1 0.290625 0.115625 0.02265625 0.0265625
1 0.3640625 0.06953125 0.02265625 0.0328125
1 0.2875 0.071875 0.02265625 0.04140625
1 0.32578125 0.05 0.01640625 0.04453125
1 0.3140625 0.00625 0.015625 0.01171875
1 0.33984375 0.00859375 0.01640625 0.01640625
2 0.31171875 0.1 0.0109375 0.04921875