1 0.2984375 0.5609375 0.08828125 0.20859375
1 0.225 0.425 0.084375 0.18046875
1 0.49296875 0.51796875 0.0703125 0.21484375
1 0.465625 0.30078125 0.059375 0.1046875
1 0.290625 0.19609375 0.03671875 0.06796875
1 0.34609375 0.1765625 0.03203125 0.06328125
1 0.4015625 0.1390625 0.03203125 0.06171875
1 0.33984375 0.115625 0.03046875 0.04921875
1 0.2953125 0.115625 0.03046875 0.06484375
1 0.24140625 0.1609375 0.03046875 0.06015625
1 0.3265625 0.06328125 0.0296875 0.04921875
1 0.36484375 0.0578125 0.025 0.03828125
1 0.31640625 0.0109375 0.015625 0.02109375