1 0.4609375 0.3046875 0.046875 0.08125
1 0.4359375 0.23046875 0.0375 0.0640625
1 0.41328125 0.18359375 0.03359375 0.0546875
1 0.34453125 0.16875 0.0296875 0.046875
1 0.240625 0.1625 0.034375 0.0484375
1 0.3296875 0.10546875 0.028125 0.04453125
1 0.36796875 0.0796875 0.01953125 0.03359375
1 0.29140625 0.0875 0.021875 0.0359375
1 0.35234375 0.03671875 0.02109375 0.028125
1 0.31484375 0.0234375 0.0171875 0.02109375
1 0.403125 0.14453125 0.02890625 0.0234375
1 0.4828125 0.42109375 0.0625 0.1203125
1 0.503125 0.66796875 0.0953125 0.221875
1 0.2953125 0.0453125 0.02109375 0.03828125