1 0.33671875 0.3953125 0.053125 0.1078125
1 0.47421875 0.36640625 0.05234375 0.1
1 0.49140625 0.48984375 0.06328125 0.13984375
1 0.4515625 0.2703125 0.04765625 0.07265625
1 0.23984375 0.1625 0.03515625 0.04921875
1 0.33046875 0.0796875 0.021875 0.03203125
1 0.390625 0.11640625 0.02734375 0.0390625
1 0.43046875 0.21328125 0.03671875 0.05078125
1 0.41015625 0.16953125 0.03125 0.04609375
1 0.34453125 0.01796875 0.01796875 0.025
1 0.375 0.09296875 0.0203125 0.03046875
1 0.3625 0.06875 0.021875 0.03125
1 0.50625 0.821875 0.090625 0.33828125
1 0.32265625 0.04375 0.021875 0.03828125
1 0.28828125 0.0390625 0.0203125 0.03203125
1 0.2953125 0.0125 0.01640625 0.01875
3 0.190625 0.81015625 0.25859375 0.3796875