1 0.50703125 0.6546875 0.09375 0.246875
1 0.475 0.384375 0.05703125 0.1203125
1 0.43828125 0.25078125 0.05390625 0.09375
1 0.33828125 0.32890625 0.059375 0.1140625
1 0.3078125 0.51640625 0.08046875 0.29453125
1 0.24921875 0.8 0.09609375 0.2453125
1 0.1421875 0.66171875 0.11953125 0.21328125
1 0.28359375 0.221875 0.05234375 0.08984375
1 0.240625 0.15390625 0.0328125 0.06328125
1 0.290625 0.11484375 0.02421875 0.05078125
1 0.3390625 0.11875 0.0328125 0.05234375
1 0.32109375 0.02578125 0.021875 0.04765625
1 0.29296875 0.03359375 0.021875 0.03359375
1 0.346875 0.19765625 0.03828125 0.06484375
2 0.30703125 0.15078125 0.02109375 0.05078125
3 0.41953125 0.1625 0.059375 0.08828125
3 0.04140625 0.88671875 0.0828125 0.2265625