1 0.43203125 0.215625 0.03828125 0.059375
1 0.33828125 0.26953125 0.03828125 0.0765625
1 0.346875 0.1953125 0.03125 0.05859375
1 0.24140625 0.16015625 0.034375 0.0515625
1 0.37578125 0.096875 0.025 0.03203125
1 0.3203125 0.03203125 0.01796875 0.0203125
1 0.33671875 0.125 0.028125 0.0421875
1 0.3546875 0.040625 0.01875 0.0265625
1 0.2984375 0.06953125 0.021875 0.02890625
1 0.30546875 0.47890625 0.0734375 0.15625
1 0.48359375 0.375 0.06484375 0.1078125
1 0.24921875 0.36796875 0.046875 0.09140625
1 0.2921875 0.03046875 0.01875 0.03828125