1 0.275 0.6546875 0.09453125 0.21015625
1 0.4984375 0.553125 0.0703125 0.19296875
1 0.79453125 0.896875 0.1203125 0.20625
1 0.3328125 0.4 0.0625 0.23125
1 0.446875 0.26328125 0.040625 0.07890625
1 0.27109375 0.3359375 0.0546875 0.109375
1 0.24140625 0.15625 0.03125 0.06015625
1 0.34296875 0.16875 0.0390625 0.09140625
1 0.4046875 0.14765625 0.03984375 0.07578125
1 0.29453125 0.1 0.0296875 0.06171875
1 0.3296875 0.08046875 0.02421875 0.04296875
1 0.321875 0.034375 0.01796875 0.03828125
1 0.29140625 0.03125 0.01796875 0.021875
2 0.29765625 0.06171875 0.0109375 0.02734375
3 0.378125 0.078125 0.0359375 0.06015625
3 0.096875 0.7515625 0.19375 0.496875