1 0.46484375 0.3484375 0.0453125 0.090625
0 0.28828125 0.14453125 0.05078125 0.1390625
1 0.3828125 0.1109375 0.03125 0.04296875
1 0.32578125 0.065625 0.02265625 0.02734375
1 0.23984375 0.1609375 0.03984375 0.0546875
1 0.35703125 0.04375 0.01875 0.021875
1 0.34296875 0.01171875 0.0171875 0.01796875
1 0.29453125 0.04921875 0.01875 0.03125
1 0.13828125 0.69453125 0.12421875 0.234375
1 0.31953125 0.028125 0.01328125 0.025
1 0.31328125 0.00625 0.01015625 0.01171875
1 0.28984375 0.0265625 0.009375 0.01875