1 0.459375 0.3171875 0.04921875 0.0875
1 0.48515625 0.428125 0.05078125 0.10546875
1 0.43125 0.20390625 0.03828125 0.059375
1 0.26640625 0.2859375 0.05 0.07578125
1 0.79140625 0.6828125 0.11640625 0.22890625
1 0.284375 0.1859375 0.03046875 0.0453125
1 0.346875 0.2140625 0.034375 0.06875
1 0.23984375 0.16171875 0.03515625 0.05546875
1 0.40390625 0.15234375 0.03046875 0.034375
1 0.34609375 0.14609375 0.02890625 0.05078125
1 0.35390625 0.03046875 0.015625 0.0203125
1 0.3328125 0.09765625 0.02265625 0.03125
1 0.325 0.07265625 0.01953125 0.028125
1 0.365625 0.05390625 0.0203125 0.02265625
1 0.32109375 0.03515625 0.01875 0.01796875
1 0.2828125 0.53359375 0.0734375 0.16640625
1 0.29296875 0.0171875 0.0203125 0.03359375
1 0.3171875 0.01171875 0.015625 0.0234375
1 0.36640625 0.0828125 0.0234375 0.03203125
1 0.38515625 0.115625 0.02421875 0.03671875
1 0.49375 0.63046875 0.06796875 0.20859375
2 0.253125 0.390625 0.0546875 0.1046875