1 0.5015625 0.68828125 0.0953125 0.253125
1 0.284375 0.625 0.13125 0.3796875
1 0.22421875 0.40390625 0.075 0.17734375
2 0.29140625 0.325 0.02421875 0.07578125
1 0.346875 0.2828125 0.04140625 0.07890625
1 0.34765625 0.21171875 0.04609375 0.08671875
1 0.2796875 0.225 0.040625 0.07734375
1 0.240625 0.1578125 0.03203125 0.06015625
1 0.29375 0.11875 0.03125 0.04609375
3 0.4296875 0.19296875 0.0640625 0.1015625
1 0.3328125 0.0828125 0.03125 0.06953125
1 0.29140625 0.0703125 0.02421875 0.04453125
1 0.3265625 0.040625 0.01640625 0.0203125
1 0.31796875 0.01796875 0.01484375 0.02734375
2 0.29375 0.0265625 0.01015625 0.0265625
1 0.29375 0.00546875 0.015625 0.0109375
1 0.4625 0.32109375 0.0578125 0.11953125
1 0.4828125 0.44921875 0.06171875 0.13671875
1 0.87890625 0.57265625 0.11953125 0.203125