1 0.31875 0.4890625 0.06875 0.14921875
1 0.471875 0.4671875 0.05546875 0.128125
3 0.17265625 0.53203125 0.14375 0.26953125
1 0.26328125 0.30546875 0.06640625 0.15078125
1 0.32578125 0.053125 0.0203125 0.02578125
1 0.44609375 0.2609375 0.04296875 0.07578125
1 0.40390625 0.16015625 0.0359375 0.0703125
1 0.24140625 0.16171875 0.0328125 0.04609375
1 0.04140625 0.9203125 0.0828125 0.15234375
1 0.28984375 0.16796875 0.0265625 0.03359375
1 0.3484375 0.16875 0.028125 0.0453125
1 0.3375 0.10625 0.02421875 0.03671875
1 0.2828125 0.21171875 0.03984375 0.05703125
1 0.34765625 0.18046875 0.02890625 0.0265625
1 0.18671875 0.9421875 0.1265625 0.115625