1 0.4421875 0.24296875 0.03828125 0.059375
1 0.4171875 0.2015625 0.0296875 0.05546875
1 0.0265625 0.9328125 0.053125 0.134375
1 0.16328125 0.58671875 0.0953125 0.16328125
1 0.2640625 0.315625 0.0484375 0.09765625
1 0.18515625 0.8859375 0.1546875 0.22734375
1 0.2421875 0.4234375 0.07109375 0.11953125
1 0.240625 0.16015625 0.034375 0.05390625
1 0.35078125 0.22890625 0.02890625 0.06953125
1 0.33984375 0.1703125 0.03203125 0.04296875
1 0.334375 0.125 0.025 0.0390625
1 0.759375 0.97734375 0.1171875 0.04453125
1 0.3265625 0.4796875 0.07421875 0.178125
3 0.4703125 0.32578125 0.07578125 0.14375
1 0.40234375 0.165625 0.0296875 0.046875
1 0.38671875 0.13203125 0.0265625 0.040625
1 0.48515625 0.63125 0.07421875 0.1953125
1 0.48828125 0.4546875 0.06875 0.1484375
1 0.3703125 0.07265625 0.02109375 0.040625
1 0.35234375 0.3078125 0.046875 0.08984375
0 0.32421875 0.05390625 0.03828125 0.0875
1 0.353125 0.046875 0.01640625 0.0234375
1 0.3484375 0.025 0.01328125 0.01953125
1 0.2921875 0.034375 0.01484375 0.0234375
1 0.878125 0.53046875 0.13125 0.18125
1 0.3140625 0.00546875 0.01171875 0.0109375