0 0.284375 0.16640625 0.05390625 0.15546875
1 0.3890625 0.121875 0.0296875 0.04140625
1 0.328125 0.075 0.025 0.03203125
1 0.359375 0.05078125 0.01953125 0.02265625
1 0.23828125 0.1609375 0.03984375 0.05546875
1 0.32109375 0.0359375 0.01953125 0.0171875
1 0.29296875 0.05703125 0.01953125 0.034375
1 0.34453125 0.01484375 0.0171875 0.01796875
1 0.47421875 0.38125 0.05625 0.1203125
1 0.05625 0.8953125 0.1125 0.209375
1 0.315625 0.01640625 0.0109375 0.0234375
1 0.29140625 0.03046875 0.0140625 0.0234375