1 0.3203125 0.46875 0.0640625 0.146875
1 0.26953125 0.31796875 0.05078125 0.0875
1 0.1703125 0.60546875 0.0984375 0.1796875
1 0.471875 0.34921875 0.05625 0.09375
1 0.48984375 0.4984375 0.06328125 0.14921875
1 0.4265625 0.21328125 0.03671875 0.0609375
1 0.40390625 0.14609375 0.0296875 0.04375
1 0.35078125 0.23359375 0.0359375 0.06328125
1 0.24140625 0.15859375 0.03359375 0.05390625
1 0.44921875 0.28046875 0.04296875 0.0796875
1 0.37265625 0.0828125 0.02421875 0.03125
1 0.35546875 0.03671875 0.015625 0.01484375
3 0.33125 0.0890625 0.03515625 0.10625
1 0.4890625 0.8578125 0.11640625 0.28359375
1 0.2328125 0.86484375 0.13984375 0.2703125
1 0.3359375 0.009375 0.0125 0.015625