1 0.23515625 0.80390625 0.14140625 0.29609375
1 0.4984375 0.61640625 0.08828125 0.2390625
1 0.4734375 0.334375 0.06328125 0.103125
1 0.17890625 0.53984375 0.1171875 0.23125
1 0.28515625 0.2296875 0.04453125 0.07734375
1 0.346875 0.2109375 0.03359375 0.07890625
1 0.41328125 0.165625 0.04453125 0.06328125
1 0.3390625 0.14375 0.03125 0.04921875
1 0.290625 0.134375 0.03984375 0.05546875
1 0.23984375 0.159375 0.04140625 0.07890625
1 0.32890625 0.07578125 0.02890625 0.03984375
1 0.37265625 0.0703125 0.0296875 0.04765625
1 0.31640625 0.0171875 0.01640625 0.03125