1 0.31171875 0.39921875 0.0546875 0.125
1 0.32890625 0.26484375 0.053125 0.07890625
1 0.340625 0.1546875 0.0265625 0.06171875
1 0.40703125 0.1515625 0.03359375 0.06796875
1 0.3765625 0.08828125 0.028125 0.04296875
1 0.29296875 0.1109375 0.0296875 0.05859375
1 0.2421875 0.15703125 0.028125 0.06328125
1 0.334375 0.0890625 0.02109375 0.046875
1 0.29375 0.05703125 0.01953125 0.0265625
1 0.3234375 0.0390625 0.0140625 0.0171875
1 0.3484375 0.0234375 0.01796875 0.02109375
1 0.321875 0.01796875 0.0171875 0.0171875
1 0.29375 0.03046875 0.021875 0.02265625
1 0.315625 0.00390625 0.015625 0.0078125