1 0.47265625 0.35859375 0.0515625 0.10078125
1 0.27890625 0.68984375 0.0953125 0.209375
1 0.065625 0.88203125 0.128125 0.22578125
1 0.3390625 0.36640625 0.04609375 0.09609375
1 0.265625 0.309375 0.0515625 0.08671875
1 0.19140625 0.54609375 0.0875 0.184375
1 0.24140625 0.1609375 0.034375 0.0453125
1 0.42734375 0.22421875 0.03515625 0.06015625
1 0.35625 0.04765625 0.01953125 0.02109375
1 0.325 0.06171875 0.02421875 0.03046875
3 0.4921875 0.62578125 0.1109375 0.325
1 0.40859375 0.17109375 0.034375 0.04609375
0 0.34296875 0.16640625 0.0546875 0.1625
1 0.31953125 0.03203125 0.0203125 0.02265625
3 0.29375 0.06796875 0.02578125 0.0625
1 0.3875 0.1375 0.02890625 0.0375
1 0.384375 0.10625 0.02578125 0.03203125
1 0.37265625 0.0734375 0.02109375 0.021875
1 0.371875 0.09765625 0.01640625 0.0296875
1 0.31484375 0.00859375 0.01484375 0.0171875
1 0.29296875 0.01171875 0.01640625 0.02265625