1 0.4421875 0.24296875 0.03828125 0.059375
1 0.41640625 0.196875 0.0296875 0.05546875
1 0.06171875 0.83828125 0.12265625 0.2765625
1 0.2 0.50625 0.0875 0.14140625
1 0.27109375 0.27578125 0.04140625 0.084375
1 0.26640625 0.66796875 0.1125 0.23125
1 0.25546875 0.38203125 0.0609375 0.11015625
1 0.240625 0.16015625 0.034375 0.05390625
1 0.34765625 0.19140625 0.03125 0.05703125
1 0.340625 0.14765625 0.03203125 0.04296875
1 0.3375 0.10859375 0.025 0.0390625
1 0.8234375 0.67890625 0.12421875 0.2375
1 0.33984375 0.384375 0.05546875 0.1390625
3 0.4703125 0.32578125 0.07578125 0.14375
1 0.4015625 0.16015625 0.0296875 0.046875
1 0.38515625 0.128125 0.0265625 0.040625
1 0.48515625 0.63125 0.07421875 0.1953125
1 0.48828125 0.4546875 0.06875 0.1484375
1 0.3625 0.05703125 0.01953125 0.0359375
1 0.3515625 0.26640625 0.03828125 0.075
0 0.321875 0.04765625 0.03359375 0.075
1 0.34765625 0.034375 0.01640625 0.0234375
1 0.34296875 0.0109375 0.01328125 0.01953125
1 0.2921875 0.01640625 0.01484375 0.0234375