1 0.49921875 0.5984375 0.09375 0.221875
1 0.321875 0.4515625 0.07265625 0.2546875
1 0.23984375 0.4203125 0.0734375 0.153125
1 0.26796875 0.69609375 0.10625 0.225
1 0.46328125 0.29765625 0.05546875 0.1078125
1 0.41484375 0.17734375 0.04140625 0.07421875
1 0.34296875 0.20859375 0.0421875 0.08671875
1 0.29375 0.1296875 0.03046875 0.06171875
1 0.240625 0.15625 0.03125 0.05546875
1 0.33515625 0.10546875 0.03203125 0.03515625
3 0.39140625 0.09765625 0.0453125 0.07265625
1 0.32734375 0.0578125 0.02109375 0.04765625
1 0.29609375 0.05546875 0.02109375 0.03125
1 0.31640625 0.00703125 0.0203125 0.0140625
2 0.296875 0.0796875 0.015625 0.03203125