1 0.43671875 0.23984375 0.03828125 0.059375
1 0.41484375 0.19140625 0.03203125 0.05
1 0.16953125 0.54765625 0.10625 0.1875
1 0.2453125 0.36796875 0.05859375 0.103125
1 0.2921875 0.16328125 0.02890625 0.071875
1 0.33359375 0.38203125 0.0578125 0.125
1 0.284375 0.27578125 0.04453125 0.09140625
1 0.240625 0.16015625 0.034375 0.05390625
1 0.340625 0.14453125 0.02578125 0.03359375
1 0.334375 0.1125 0.02109375 0.0390625
1 0.3515625 0.06484375 0.0171875 0.03203125
1 0.28984375 0.7375 0.1109375 0.259375
1 0.065625 0.85703125 0.13125 0.2859375
1 0.35078125 0.2734375 0.04296875 0.0875
3 0.4703125 0.32578125 0.07578125 0.14375
1 0.39296875 0.140625 0.0296875 0.046875
1 0.3765625 0.1078125 0.0265625 0.040625
1 0.4875 0.628125 0.07421875 0.1953125
1 0.48828125 0.4546875 0.06875 0.1484375
1 0.3515625 0.03125 0.0171875 0.028125
1 0.34609375 0.1984375 0.02890625 0.04375
0 0.31796875 0.0234375 0.02578125 0.046875
1 0.33984375 0.0140625 0.0140625 0.01796875
1 0.8140625 0.75546875 0.128125 0.240625