1 0.3453125 0.33125 0.0421875 0.08828125
1 0.47734375 0.3296875 0.05078125 0.10703125
1 0.28359375 0.25546875 0.04140625 0.07109375
1 0.35 0.2046875 0.034375 0.06640625
1 0.3421875 0.14453125 0.02734375 0.03984375
1 0.440625 0.2421875 0.04296875 0.0671875
1 0.240625 0.16171875 0.034375 0.05
1 0.4171875 0.18984375 0.034375 0.0578125
1 0.3171875 0.01328125 0.01484375 0.01796875
1 0.3921875 0.13828125 0.03359375 0.04765625
1 0.32578125 0.06875 0.02421875 0.04140625
1 0.503125 0.61796875 0.0859375 0.20234375
1 0.25703125 0.82109375 0.14375 0.29609375
1 0.3765625 0.07890625 0.01953125 0.025
1 0.384375 0.096875 0.0203125 0.0234375
1 0.28828125 0.084375 0.0234375 0.034375
1 0.29375 0.0484375 0.01796875 0.02734375
1 0.29453125 0.0125 0.01484375 0.025
1 0.35859375 0.0453125 0.01328125 0.02109375
1 0.3671875 0.05859375 0.0140625 0.021875