1 0.50703125 0.709375 0.0921875 0.2671875
1 0.48671875 0.465625 0.06484375 0.140625
1 0.46640625 0.3359375 0.0625 0.125
1 0.3453125 0.29921875 0.04453125 0.08671875
1 0.32421875 0.425 0.071875 0.16484375
2 0.26796875 0.42734375 0.03671875 0.1109375
1 0.190625 0.4859375 0.10390625 0.19140625
1 0.24375 0.7734375 0.14921875 0.3859375
1 0.2703125 0.27265625 0.04453125 0.08515625
1 0.24296875 0.1578125 0.03671875 0.06015625
1 0.29375 0.15546875 0.0390625 0.05078125
1 0.3484375 0.21875 0.040625 0.08046875
3 0.434375 0.21015625 0.06953125 0.1171875
1 0.3359375 0.1015625 0.03828125 0.07109375
1 0.29140625 0.09375 0.0328125 0.04765625
1 0.32890625 0.05703125 0.02109375 0.02109375
2 0.29375 0.04296875 0.015625 0.02734375
1 0.32109375 0.0328125 0.01875 0.02890625
1 0.2921875 0.01875 0.01640625 0.0203125
1 0.3171875 0.0109375 0.01484375 0.0203125
1 0.7828125 0.93359375 0.1203125 0.13203125