1 0.234375 0.41953125 0.06171875 0.1
1 0.3296875 0.46171875 0.05390625 0.12734375
1 0.48984375 0.37734375 0.05390625 0.1203125
1 0.3515625 0.2859375 0.0359375 0.08671875
1 0.4515625 0.27109375 0.04609375 0.071875
1 0.240625 0.16328125 0.03515625 0.05
1 0.34765625 0.19765625 0.03046875 0.05625
1 0.4234375 0.20390625 0.03671875 0.06484375
1 0.3984375 0.14375 0.03984375 0.05859375
1 0.33046875 0.09453125 0.02734375 0.0484375
1 0.2890625 0.13359375 0.0265625 0.034375
1 0.32109375 0.0328125 0.0171875 0.01953125
1 0.29453125 0.0859375 0.021875 0.02421875
1 0.5109375 0.840625 0.1125 0.31796875
1 0.29140625 0.0265625 0.025 0.04609375
1 0.3859375 0.10625 0.02265625 0.02578125
1 0.378125 0.0828125 0.021875 0.02109375
1 0.36796875 0.0640625 0.01875 0.02265625
1 0.3609375 0.05 0.01796875 0.028125