1 0.17890625 0.54296875 0.10234375 0.153125
1 0.29765625 0.62890625 0.103125 0.203125
1 0.47578125 0.3671875 0.06484375 0.12109375
1 0.515625 0.7109375 0.09453125 0.25078125
1 0.284375 0.2125 0.04375 0.10703125
3 0.24765625 0.3515625 0.09296875 0.16796875
1 0.4421875 0.2421875 0.05234375 0.08125
1 0.34296875 0.2921875 0.0390625 0.08671875
1 0.3390625 0.16953125 0.03359375 0.075
1 0.3875 0.115625 0.028125 0.0515625
1 0.240625 0.16015625 0.03515625 0.053125
1 0.4046875 0.178125 0.034375 0.05546875
1 0.33125 0.071875 0.02265625 0.0296875
1 0.290625 0.0640625 0.01875 0.03671875
1 0.28984375 0.1203125 0.025 0.0546875
1 0.37109375 0.07421875 0.03046875 0.05546875
1 0.0828125 0.82265625 0.1640625 0.30546875
1 0.3203125 0.025 0.015625 0.021875
1 0.325 0.04921875 0.0140625 0.01875