1 0.33125 0.31875 0.04453125 0.0875
1 0.46953125 0.3078125 0.04296875 0.07578125
1 0.365625 0.07421875 0.01953125 0.02890625
1 0.27265625 0.2734375 0.0359375 0.07265625
1 0.3296875 0.09609375 0.02421875 0.0359375
1 0.33984375 0.20234375 0.034375 0.0578125
1 0.4171875 0.18125 0.03515625 0.053125
1 0.240625 0.16015625 0.03359375 0.0515625
1 0.34375 0.1484375 0.028125 0.03828125
1 0.3484375 0.0265625 0.0171875 0.021875
1 0.31796875 0.01796875 0.01328125 0.01953125
1 0.30078125 0.04609375 0.01796875 0.02578125
1 0.5203125 0.896875 0.103125 0.20625
1 0.29140625 0.021875 0.0125 0.025