1 0.25546875 0.35 0.0546875 0.09375
1 0.34140625 0.40390625 0.053125 0.1046875
1 0.303125 0.63125 0.08828125 0.19375
1 0.34375 0.1953125 0.03671875 0.07890625
1 0.45234375 0.26953125 0.04296875 0.08359375
1 0.41484375 0.18515625 0.040625 0.065625
1 0.28984375 0.21328125 0.03515625 0.06015625
1 0.23984375 0.1625 0.03359375 0.0484375
1 0.39375 0.13125 0.028125 0.028125
1 0.33203125 0.10078125 0.02265625 0.0359375
1 0.36640625 0.05859375 0.02109375 0.02578125
1 0.3671875 0.06875 0.0234375 0.034375
1 0.2921875 0.09375 0.0234375 0.03984375
1 0.50859375 0.54296875 0.08125 0.19140625
1 0.3171875 0.0109375 0.01484375 0.02109375
1 0.38359375 0.09609375 0.01796875 0.03203125
1 0.47890625 0.38125 0.06171875 0.0953125
1 0.29140625 0.0140625 0.0171875 0.028125