1 0.26171875 0.3453125 0.0546875 0.09921875
1 0.41796875 0.16875 0.0296875 0.03828125
1 0.3765625 0.0875 0.0234375 0.03203125
1 0.321875 0.03515625 0.01640625 0.01953125
1 0.3421875 0.009375 0.01640625 0.01796875
1 0.240625 0.1625 0.03359375 0.04765625
1 0.33515625 0.128125 0.02421875 0.0375
1 0.28984375 0.12265625 0.02265625 0.03828125
1 0.33046875 0.0859375 0.02578125 0.0296875
1 0.4828125 0.44921875 0.0578125 0.1265625
1 0.12421875 0.96015625 0.1046875 0.0796875
1 0.3234375 0.0546875 0.0203125 0.0234375