1 0.4703125 0.3515625 0.053125 0.1015625
1 0.3390625 0.31171875 0.04375 0.0859375
1 0.375 0.0953125 0.025 0.02890625
1 0.328125 0.09921875 0.021875 0.0296875
1 0.32578125 0.059375 0.01796875 0.0234375
1 0.41328125 0.18046875 0.03359375 0.053125
1 0.36015625 0.05703125 0.01875 0.0265625
1 0.334375 0.1484375 0.028125 0.040625
1 0.23984375 0.16015625 0.03515625 0.0546875
1 0.2890625 0.2015625 0.0328125 0.0546875
0 0.12421875 0.69140625 0.2484375 0.6171875
1 0.29375 0.14453125 0.02578125 0.0375
1 0.3390625 0.240625 0.03515625 0.0640625
1 0.35234375 0.02578125 0.0171875 0.01875
1 0.340625 0.253125 0.03203125 0.03515625
1 0.29375 0.0671875 0.01875 0.0296875
1 0.321875 0.02890625 0.0125 0.0171875
1 0.29453125 0.03515625 0.021875 0.021875
1 0.3171875 0.0078125 0.01640625 0.0125