1 0.490625 0.49453125 0.0578125 0.1390625
1 0.26875 0.30703125 0.05234375 0.1015625
1 0.47265625 0.35546875 0.04765625 0.09296875
1 0.3328125 0.2078125 0.0359375 0.06171875
1 0.44296875 0.2546875 0.04765625 0.071875
1 0.06328125 0.86796875 0.1265625 0.26328125
1 0.29140625 0.14296875 0.025 0.0390625
1 0.23984375 0.1609375 0.03515625 0.0546875
1 0.4140625 0.165625 0.03359375 0.0546875
1 0.35546875 0.0390625 0.0171875 0.0171875
1 0.334375 0.10703125 0.021875 0.034375
1 0.346875 0.009375 0.01640625 0.01484375
1 0.36484375 0.07109375 0.0234375 0.03125
1 0.378125 0.10390625 0.02734375 0.0359375
1 0.2875 0.09375 0.0203125 0.04140625
2 0.31484375 0.134375 0.0125 0.06171875
1 0.3296875 0.07421875 0.021875 0.03359375
1 0.31953125 0.03671875 0.01484375 0.028125
1 0.315625 0.01171875 0.0109375 0.0234375
1 0.3921875 0.12890625 0.028125 0.04140625