1 0.43359375 0.23515625 0.03828125 0.059375
1 0.40234375 0.1625 0.0265625 0.04375
1 0.2359375 0.378125 0.059375 0.13515625
1 0.27109375 0.2625 0.03828125 0.07109375
1 0.3015625 0.090625 0.02109375 0.04609375
1 0.34609375 0.28515625 0.0390625 0.0984375
1 0.29453125 0.175 0.02578125 0.05234375
1 0.240625 0.16015625 0.034375 0.05390625
1 0.33984375 0.13046875 0.02421875 0.0296875
1 0.3328125 0.10390625 0.01796875 0.0296875
1 0.3515625 0.0515625 0.015625 0.028125
1 0.33671875 0.46171875 0.0578125 0.13125
2 0.0640625 0.865625 0.059375 0.17578125
1 0.1765625 0.58515625 0.10390625 0.19453125
1 0.346875 0.21015625 0.02734375 0.059375
3 0.4703125 0.32578125 0.07578125 0.14375
0 0.775 0.7546875 0.215625 0.490625
2 0.27421875 0.49140625 0.03046875 0.09765625
1 0.384375 0.11875 0.02421875 0.03828125
1 0.36953125 0.08984375 0.02109375 0.03046875
1 0.4875 0.628125 0.07421875 0.1953125
1 0.48828125 0.4546875 0.06875 0.1484375
1 0.34453125 0.0109375 0.0140625 0.021875
1 0.3421875 0.16015625 0.02578125 0.028125
0 0.31328125 0.0125 0.0234375 0.025