1 0.425 0.209375 0.03828125 0.059375
1 0.39296875 0.1328125 0.0234375 0.03203125
1 0.26796875 0.2890625 0.0453125 0.09453125
1 0.28125 0.1953125 0.03515625 0.059375
1 0.31328125 0.0515625 0.0171875 0.04140625
1 0.346875 0.2328125 0.0328125 0.0796875
1 0.296875 0.13828125 0.02578125 0.05234375
1 0.240625 0.16015625 0.034375 0.05390625
1 0.3359375 0.11484375 0.02421875 0.0296875
1 0.3296875 0.0859375 0.01796875 0.0296875
1 0.34765625 0.034375 0.01640625 0.0234375
1 0.35 0.34296875 0.0421875 0.09296875
1 0.0578125 0.88046875 0.115625 0.2390625
1 0.23359375 0.8078125 0.13515625 0.384375
2 0.1828125 0.578125 0.0453125 0.128125
1 0.234375 0.42734375 0.0734375 0.125
1 0.34296875 0.171875 0.03046875 0.03984375
3 0.47109375 0.3171875 0.07578125 0.14375
0 0.8 0.66953125 0.28515625 0.571875
2 0.3109375 0.290625 0.01953125 0.07109375
1 0.37578125 0.09609375 0.01875 0.03046875
1 0.36171875 0.06953125 0.0203125 0.0234375
1 0.4875 0.628125 0.07421875 0.1953125
1 0.48828125 0.4546875 0.06875 0.1484375
1 0.33984375 0.00625 0.0140625 0.0125