1 0.48671875 0.48125 0.06875 0.13203125
1 0.03828125 0.94921875 0.0765625 0.10078125
1 0.29609375 0.596875 0.08984375 0.16875
1 0.23203125 0.40703125 0.06796875 0.11171875
1 0.1578125 0.63203125 0.12421875 0.23671875
1 0.24140625 0.1609375 0.034375 0.0453125
1 0.44296875 0.2734375 0.0375 0.07578125
1 0.35859375 0.0484375 0.02265625 0.040625
1 0.3265625 0.07890625 0.02421875 0.034375
3 0.48046875 0.9328125 0.14140625 0.12578125
1 0.4140625 0.19609375 0.034375 0.04609375
0 0.3421875 0.2234375 0.06640625 0.215625
1 0.321875 0.04296875 0.02109375 0.02890625
3 0.29296875 0.10625 0.03515625 0.06796875
1 0.38828125 0.14140625 0.02890625 0.0375
1 0.384375 0.10625 0.02578125 0.03203125
1 0.37265625 0.0734375 0.02109375 0.021875
1 0.371875 0.09765625 0.01640625 0.0296875
1 0.315625 0.0140625 0.01484375 0.0171875
1 0.2921875 0.0328125 0.01796875 0.05