1 0.2453125 0.40703125 0.05859375 0.10625
1 0.30546875 0.52265625 0.075 0.14921875
1 0.159375 0.62734375 0.096875 0.1703125
1 0.83046875 0.634375 0.16484375 0.34140625
1 0.47109375 0.35703125 0.05546875 0.10390625
1 0.340625 0.28828125 0.04140625 0.07578125
1 0.328125 0.07421875 0.021875 0.03046875
1 0.3390625 0.11875 0.02421875 0.025
1 0.42578125 0.21171875 0.03984375 0.06171875
1 0.2890625 0.1984375 0.0359375 0.06015625
1 0.375 0.08515625 0.025 0.03203125
1 0.33984375 0.18828125 0.028125 0.0375
1 0.2921875 0.1421875 0.02421875 0.0328125
1 0.23984375 0.1609375 0.0328125 0.05390625
1 0.3203125 0.03046875 0.01796875 0.02109375
1 0.35546875 0.0296875 0.01328125 0.01796875
1 0.29453125 0.0984375 0.02578125 0.034375
1 0.4 0.1578125 0.028125 0.028125
1 0.3953125 0.1484375 0.02734375 0.04609375
1 0.48671875 0.60859375 0.08125 0.21796875
1 0.29375 0.04765625 0.02265625 0.04296875