1 0.503125 0.68515625 0.10234375 0.26875
1 0.9203125 0.49765625 0.11015625 0.18984375
1 0.48515625 0.44140625 0.065625 0.1359375
1 0.4578125 0.31171875 0.0640625 0.1234375
1 0.33359375 0.36796875 0.06484375 0.134375
1 0.29140625 0.60625 0.13515625 0.3578125
1 0.23203125 0.38046875 0.0953125 0.16171875
1 0.28203125 0.21328125 0.0421875 0.07421875
1 0.34609375 0.2078125 0.03984375 0.07578125
1 0.34765625 0.275 0.040625 0.06796875
2 0.29609375 0.29921875 0.025 0.07109375
1 0.2375 0.1578125 0.04765625 0.06640625
1 0.2921875 0.109375 0.02578125 0.04296875
1 0.3296875 0.0734375 0.02265625 0.06640625
3 0.42734375 0.19609375 0.06875 0.1140625
1 0.2921875 0.06015625 0.02421875 0.0390625
1 0.32578125 0.03515625 0.0171875 0.02421875
1 0.31796875 0.01484375 0.01796875 0.02734375
2 0.29296875 0.01953125 0.01328125 0.02734375