1 0.23203125 0.434375 0.0671875 0.11015625
1 0.33515625 0.34453125 0.04609375 0.08515625
1 0.4609375 0.3125 0.04765625 0.08984375
1 0.24375 0.7421875 0.1078125 0.24375
1 0.40859375 0.17734375 0.03359375 0.05625
1 0.340625 0.2140625 0.034375 0.0609375
1 0.2734375 0.30234375 0.04140625 0.07734375
1 0.33203125 0.0875 0.01953125 0.02890625
1 0.3375 0.1453125 0.0265625 0.02734375
1 0.3671875 0.06953125 0.0203125 0.0265625
1 0.23984375 0.16015625 0.034375 0.05546875
1 0.325 0.0515625 0.01875 0.02265625
1 0.38515625 0.11875 0.028125 0.03984375
1 0.8875 0.5125 0.11171875 0.23203125
1 0.29609375 0.15078125 0.0296875 0.0453125
1 0.3484375 0.015625 0.01796875 0.01953125
1 0.3171875 0.01953125 0.01484375 0.0234375
1 0.29453125 0.10234375 0.02578125 0.03828125
1 0.2921875 0.06953125 0.02265625 0.025
1 0.29375 0.03046875 0.021875 0.0296875
1 0.4859375 0.54296875 0.07265625 0.17578125