1 0.3234375 0.40703125 0.053125 0.10859375
1 0.19609375 0.4953125 0.0796875 0.165625
1 0.2703125 0.30859375 0.05390625 0.08984375
1 0.33671875 0.1265625 0.0265625 0.03828125
1 0.24140625 0.16171875 0.034375 0.04765625
1 0.4953125 0.66015625 0.0828125 0.29140625
1 0.34921875 0.02890625 0.01640625 0.015625
1 0.29453125 0.10859375 0.02578125 0.03515625
1 0.221875 0.9078125 0.134375 0.18359375
1 0.0640625 0.81484375 0.12734375 0.3546875
1 0.2953125 0.01953125 0.0171875 0.03203125
1 0.31484375 0.00859375 0.01484375 0.0171875
1 0.33671875 0.00859375 0.01484375 0.0171875