1 0.27265625 0.75078125 0.10546875 0.2515625
1 0.48828125 0.45234375 0.065625 0.14453125
1 0.3859375 0.11328125 0.03046875 0.03359375
1 0.28828125 0.2125 0.03359375 0.06328125
1 0.346875 0.19921875 0.03125 0.0546875
1 0.36328125 0.06953125 0.01953125 0.02109375
1 0.29765625 0.05625 0.01875 0.021875
1 0.2921875 0.09609375 0.01875 0.02890625
1 0.240625 0.1609375 0.034375 0.0546875
1 0.3296875 0.07890625 0.02109375 0.025
1 0.1609375 0.63125 0.115625 0.21015625
1 0.24765625 0.390625 0.06328125 0.1296875
2 0.28359375 0.275 0.0203125 0.07109375
1 0.28671875 0.14375 0.03359375 0.05859375
1 0.340625 0.1515625 0.0296875 0.04921875
1 0.3421875 0.3078125 0.0578125 0.146875
1 0.4875 0.63359375 0.06796875 0.19609375
1 0.35234375 0.03828125 0.015625 0.0234375
1 0.32421875 0.0484375 0.0171875 0.02578125
1 0.315625 0.00703125 0.01328125 0.0140625
1 0.3359375 0.00390625 0.01484375 0.0078125
1 0.34375 0.021875 0.01640625 0.0171875
1 0.33671875 0.1171875 0.0234375 0.034375
3 0.46953125 0.31484375 0.0734375 0.1453125