1 0.10625 0.75625 0.12578125 0.21015625
1 0.275 0.6515625 0.09140625 0.1953125
1 0.33828125 0.3265625 0.04609375 0.08359375
1 0.378125 0.09375 0.0234375 0.03203125
1 0.22265625 0.47578125 0.07265625 0.1234375
1 0.4296875 0.225 0.04453125 0.0734375
1 0.8015625 0.71484375 0.17265625 0.41171875
1 0.4734375 0.378125 0.05234375 0.11328125
1 0.33125 0.08046875 0.0234375 0.03359375
1 0.340625 0.13046875 0.02578125 0.03828125
1 0.4046875 0.16015625 0.03203125 0.05234375
1 0.284375 0.22109375 0.04296875 0.07421875
1 0.33984375 0.20078125 0.03359375 0.05859375
1 0.23984375 0.16171875 0.03359375 0.04921875
1 0.35625 0.034375 0.01640625 0.01796875
1 0.32109375 0.0375 0.01875 0.021875
1 0.290625 0.1578125 0.028125 0.0390625
1 0.29609375 0.053125 0.0203125 0.021875
1 0.31640625 0.00703125 0.01875 0.0140625
1 0.4875 0.6171875 0.08046875 0.21328125